0;10000;-1;0.0005727
1;10000;-1;0.0006874
2;10000;-1;0.0010582
3;10000;-1;0.0009045
4;10000;-1;0.0006423
5;10000;-1;0.0006892
6;10000;-1;0.000785
7;10000;-1;0.0005624
8;10000;-1;0.0008343
9;10000;-1;0.0005569
10;10000;-1;0.0005592
11;10000;-1;0.000594
12;10000;-1;0.0011121
13;10000;-1;0.0007364
14;10000;-1;0.0009915
15;10000;-1;0.0007805
16;10000;-1;0.0009259
17;10000;-1;0.0010705
18;10000;-1;0.0005693
19;10000;-1;0.0006024
20;10000;-1;0.0006221
21;10000;-1;0.0005769
22;10000;-1;0.0006082
23;10000;-1;0.0006006
24;10000;-1;0.0005668
25;10000;-1;0.000584
26;10000;-1;0.0007527
27;10000;-1;0.0006077
28;10000;-1;0.0006574
29;10000;-1;0.0005594
30;10000;-1;0.0007283
31;10000;-1;0.0005595
32;10000;-1;0.0007195
33;10000;-1;0.000617
34;10000;-1;0.000568
35;10000;-1;0.0006034
36;10000;-1;0.0006376
37;10000;-1;0.0005749
38;10000;-1;0.0005647
39;10000;-1;0.0005637
40;10000;-1;0.0005634
41;10000;-1;0.0005582
42;10000;-1;0.0005871
43;10000;-1;0.0005614
44;10000;-1;0.0005636
45;10000;-1;0.0005924
46;10000;-1;0.0007414
47;10000;-1;0.0005674
48;10000;-1;0.0006281
49;10000;-1;0.0005936
50;10000;-1;0.0007209
51;10000;-1;0.0006086
52;10000;-1;0.0006323
53;10000;-1;0.0005835
54;10000;-1;0.0006173
55;10000;-1;0.0005862
56;10000;-1;0.0005696
57;10000;-1;0.0006496
58;10000;-1;0.0006404
59;10000;-1;0.0005626
60;10000;-1;0.0007932
61;10000;-1;0.000608
62;10000;-1;0.0005814
63;10000;-1;0.0005612
64;10000;-1;0.0005862
65;10000;-1;0.0006537
66;10000;-1;0.0005606
67;10000;-1;0.000561
68;10000;-1;0.0005758
69;10000;-1;0.0005546
70;10000;-1;0.0005978
71;10000;-1;0.0006649
72;10000;-1;0.0008325
73;10000;-1;0.0006159
74;10000;-1;0.0005539
75;10000;-1;0.0005689
76;10000;-1;0.0005827
77;10000;-1;0.0006089
78;10000;-1;0.0007064
79;10000;-1;0.0007547
80;10000;-1;0.0006592
81;10000;-1;0.0005656
82;10000;-1;0.00056
83;10000;-1;0.0006304
84;10000;-1;0.0005554
85;10000;-1;0.0005818
86;10000;-1;0.000671
87;10000;-1;0.0005939
88;10000;-1;0.0005744
89;10000;-1;0.0005652
90;10000;-1;0.0005616
91;10000;-1;0.0005646
92;10000;-1;0.0006096
93;10000;-1;0.0005662
94;10000;-1;0.0005563
95;10000;-1;0.0005642
96;10000;-1;0.0006369
97;10000;-1;0.0005909
98;10000;-1;0.000577
99;10000;-1;0.0012571
0;10000;1;0.0012161
1;10000;1;0.0013272
2;10000;1;0.0012281
3;10000;1;0.0013444
4;10000;1;0.0013693
5;10000;1;0.0012376
6;10000;1;0.0014823
7;10000;1;0.0012237
8;10000;1;0.0013743
9;10000;1;0.0013118
10;10000;1;0.0013192
11;10000;1;0.0012926
12;10000;1;0.0013064
13;10000;1;0.0013986
14;10000;1;0.001332
15;10000;1;0.0013746
16;10000;1;0.0013153
17;10000;1;0.001285
18;10000;1;0.0012664
19;10000;1;0.0011781
20;10000;1;0.0012924
21;10000;1;0.0012715
22;10000;1;0.001482
23;10000;1;0.0013355
24;10000;1;0.0012698
25;10000;1;0.0012094
26;10000;1;0.0013459
27;10000;1;0.0012197
28;10000;1;0.0014886
29;10000;1;0.0013701
30;10000;1;0.001323
31;10000;1;0.0012632
32;10000;1;0.0012766
33;10000;1;0.0012062
34;10000;1;0.0012553
35;10000;1;0.0012195
36;10000;1;0.0012756
37;10000;1;0.0013123
38;10000;1;0.0012665
39;10000;1;0.0013997
40;10000;1;0.0012756
41;10000;1;0.0012155
42;10000;1;0.0012446
43;10000;1;0.0013263
44;10000;1;0.0012504
45;10000;1;0.0012853
46;10000;1;0.0013639
47;10000;1;0.0012849
48;10000;1;0.0013972
49;10000;1;0.0014253
50;10000;1;0.0013235
51;10000;1;0.0012676
52;10000;1;0.0012787
53;10000;1;0.0012838
54;10000;1;0.0012447
55;10000;1;0.0013372
56;10000;1;0.0012501
57;10000;1;0.0012722
58;10000;1;0.0013232
59;10000;1;0.0013251
60;10000;1;0.0019871
61;10000;1;0.0011948
62;10000;1;0.0016849
63;10000;1;0.0031284
64;10000;1;0.0012904
65;10000;1;0.0012507
66;10000;1;0.0013149
67;10000;1;0.0013009
68;10000;1;0.0012582
69;10000;1;0.0016587
70;10000;1;0.0012096
71;10000;1;0.0012286
72;10000;1;0.0012395
73;10000;1;0.0012603
74;10000;1;0.0012289
75;10000;1;0.0012993
76;10000;1;0.0012276
77;10000;1;0.0012188
78;10000;1;0.0012093
79;10000;1;0.0012382
80;10000;1;0.0013399
81;10000;1;0.0012324
82;10000;1;0.0012486
83;10000;1;0.0012154
84;10000;1;0.0012605
85;10000;1;0.0013378
86;10000;1;0.0012496
87;10000;1;0.0012313
88;10000;1;0.0012294
89;10000;1;0.0012042
90;10000;1;0.001214
91;10000;1;0.0012904
92;10000;1;0.0012077
93;10000;1;0.0012497
94;10000;1;0.0012446
95;10000;1;0.0011877
96;10000;1;0.0013855
97;10000;1;0.0011948
98;10000;1;0.0012671
99;10000;1;0.0012312
0;10000;0.25;0.0011877
1;10000;0.25;0.0012545
2;10000;0.25;0.0013887
3;10000;0.25;0.0012818
4;10000;0.25;0.0012921
5;10000;0.25;0.0012531
6;10000;0.25;0.0012626
7;10000;0.25;0.0012815
8;10000;0.25;0.0012221
9;10000;0.25;0.0012848
10;10000;0.25;0.0012191
11;10000;0.25;0.0012707
12;10000;0.25;0.0013241
13;10000;0.25;0.0012571
14;10000;0.25;0.0014243
15;10000;0.25;0.0013271
16;10000;0.25;0.0012439
17;10000;0.25;0.0013273
18;10000;0.25;0.0014883
19;10000;0.25;0.0012333
20;10000;0.25;0.0012652
21;10000;0.25;0.0012393
22;10000;0.25;0.0011674
23;10000;0.25;0.0013095
24;10000;0.25;0.0012542
25;10000;0.25;0.0013958
26;10000;0.25;0.0014378
27;10000;0.25;0.0013839
28;10000;0.25;0.0012821
29;10000;0.25;0.0012783
30;10000;0.25;0.0013076
31;10000;0.25;0.0012608
32;10000;0.25;0.0013017
33;10000;0.25;0.0012237
34;10000;0.25;0.001207
35;10000;0.25;0.0015487
36;10000;0.25;0.0012202
37;10000;0.25;0.0015657
38;10000;0.25;0.0012293
39;10000;0.25;0.0012992
40;10000;0.25;0.0014465
41;10000;0.25;0.0012862
42;10000;0.25;0.0012906
43;10000;0.25;0.0012264
44;10000;0.25;0.0012121
45;10000;0.25;0.0013926
46;10000;0.25;0.0012146
47;10000;0.25;0.0012128
48;10000;0.25;0.0013235
49;10000;0.25;0.0012247
50;10000;0.25;0.0012232
51;10000;0.25;0.0011854
52;10000;0.25;0.0011789
53;10000;0.25;0.0013247
54;10000;0.25;0.0011889
55;10000;0.25;0.0012332
56;10000;0.25;0.0012386
57;10000;0.25;0.0012012
58;10000;0.25;0.0011846
59;10000;0.25;0.0013008
60;10000;0.25;0.0012017
61;10000;0.25;0.0011948
62;10000;0.25;0.00115
63;10000;0.25;0.0011819
64;10000;0.25;0.0012648
65;10000;0.25;0.0011818
66;10000;0.25;0.0012083
67;10000;0.25;0.0012496
68;10000;0.25;0.0011732
69;10000;0.25;0.0011855
70;10000;0.25;0.0011648
71;10000;0.25;0.0012437
72;10000;0.25;0.0012254
73;10000;0.25;0.0011563
74;10000;0.25;0.0011736
75;10000;0.25;0.0012619
76;10000;0.25;0.0012305
77;10000;0.25;0.0012256
78;10000;0.25;0.00143
79;10000;0.25;0.0012226
80;10000;0.25;0.0011869
81;10000;0.25;0.001161
82;10000;0.25;0.0011903
83;10000;0.25;0.0012326
84;10000;0.25;0.0011777
85;10000;0.25;0.0014034
86;10000;0.25;0.0012044
87;10000;0.25;0.0012248
88;10000;0.25;0.0014008
89;10000;0.25;0.0011857
90;10000;0.25;0.0012704
91;10000;0.25;0.001325
92;10000;0.25;0.0013097
93;10000;0.25;0.0012225
94;10000;0.25;0.0011821
95;10000;0.25;0.0012024
96;10000;0.25;0.0012995
97;10000;0.25;0.0014028
98;10000;0.25;0.0012142
99;10000;0.25;0.0013716
0;10000;0.5;0.0023491
1;10000;0.5;0.0012466
2;10000;0.5;0.0023563
3;10000;0.5;0.0012256
4;10000;0.5;0.0014213
5;10000;0.5;0.0037767
6;10000;0.5;0.0032543
7;10000;0.5;0.0013587
8;10000;0.5;0.0012214
9;10000;0.5;0.0013188
10;10000;0.5;0.0012366
11;10000;0.5;0.0018771
12;10000;0.5;0.0022832
13;10000;0.5;0.0019378
14;10000;0.5;0.0025475
15;10000;0.5;0.0014145
16;10000;0.5;0.0011823
17;10000;0.5;0.0013873
18;10000;0.5;0.0028827
19;10000;0.5;0.0014149
20;10000;0.5;0.0015354
21;10000;0.5;0.0024342
22;10000;0.5;0.0016715
23;10000;0.5;0.0017299
24;10000;0.5;0.0028725
25;10000;0.5;0.0013991
26;10000;0.5;0.0011916
27;10000;0.5;0.003781
28;10000;0.5;0.0016982
29;10000;0.5;0.0012138
30;10000;0.5;0.0012049
31;10000;0.5;0.0065668
32;10000;0.5;0.0046372
33;10000;0.5;0.0035126
34;10000;0.5;0.0013437
35;10000;0.5;0.002263
36;10000;0.5;0.0042517
37;10000;0.5;0.0013216
38;10000;0.5;0.0011976
39;10000;0.5;0.0026845
40;10000;0.5;0.001154
41;10000;0.5;0.001147
42;10000;0.5;0.0036226
43;10000;0.5;0.0012257
44;10000;0.5;0.0041425
45;10000;0.5;0.0022212
46;10000;0.5;0.0076168
47;10000;0.5;0.001709
48;10000;0.5;0.0011713
49;10000;0.5;0.0011534
50;10000;0.5;0.0015537
51;10000;0.5;0.0024166
52;10000;0.5;0.0014673
53;10000;0.5;0.001425
54;10000;0.5;0.0011838
55;10000;0.5;0.0036317
56;10000;0.5;0.0024959
57;10000;0.5;0.0013558
58;10000;0.5;0.0020047
59;10000;0.5;0.0035436
60;10000;0.5;0.0012952
61;10000;0.5;0.0016876
62;10000;0.5;0.0013277
63;10000;0.5;0.0011658
64;10000;0.5;0.001266
65;10000;0.5;0.0016079
66;10000;0.5;0.0011074
67;10000;0.5;0.0010996
68;10000;0.5;0.0015111
69;10000;0.5;0.0011789
70;10000;0.5;0.001583
71;10000;0.5;0.0021317
72;10000;0.5;0.0012941
73;10000;0.5;0.0032369
74;10000;0.5;0.0011587
75;10000;0.5;0.0029336
76;10000;0.5;0.0011375
77;10000;0.5;0.001171
78;10000;0.5;0.0011916
79;10000;0.5;0.0011576
80;10000;0.5;0.001228
81;10000;0.5;0.0020328
82;10000;0.5;0.0011615
83;10000;0.5;0.0011998
84;10000;0.5;0.0013356
85;10000;0.5;0.0012203
86;10000;0.5;0.0012214
87;10000;0.5;0.0014026
88;10000;0.5;0.0012183
89;10000;0.5;0.0012034
90;10000;0.5;0.001441
91;10000;0.5;0.001382
92;10000;0.5;0.0011986
93;10000;0.5;0.0024578
94;10000;0.5;0.0013693
95;10000;0.5;0.0015229
96;10000;0.5;0.0012066
97;10000;0.5;0.0027306
98;10000;0.5;0.0013032
99;10000;0.5;0.0012621
0;10000;0.75;0.0010278
1;10000;0.75;0.0010958
2;10000;0.75;0.0010711
3;10000;0.75;0.0010868
4;10000;0.75;0.0010982
5;10000;0.75;0.0010996
6;10000;0.75;0.0010939
7;10000;0.75;0.0013041
8;10000;0.75;0.0010832
9;10000;0.75;0.0010683
10;10000;0.75;0.0011033
11;10000;0.75;0.0010363
12;10000;0.75;0.0010648
13;10000;0.75;0.001116
14;10000;0.75;0.0010495
15;10000;0.75;0.0011371
16;10000;0.75;0.0010302
17;10000;0.75;0.0010666
18;10000;0.75;0.001207
19;10000;0.75;0.0011281
20;10000;0.75;0.0012331
21;10000;0.75;0.0011091
22;10000;0.75;0.0012001
23;10000;0.75;0.0012525
24;10000;0.75;0.0013453
25;10000;0.75;0.0011393
26;10000;0.75;0.0010881
27;10000;0.75;0.0011316
28;10000;0.75;0.0011671
29;10000;0.75;0.0010866
30;10000;0.75;0.0011184
31;10000;0.75;0.0010892
32;10000;0.75;0.001157
33;10000;0.75;0.0012519
34;10000;0.75;0.0012294
35;10000;0.75;0.0012647
36;10000;0.75;0.0012514
37;10000;0.75;0.0011588
38;10000;0.75;0.0016827
39;10000;0.75;0.0010786
40;10000;0.75;0.0012955
41;10000;0.75;0.0012148
42;10000;0.75;0.0012121
43;10000;0.75;0.0011983
44;10000;0.75;0.0011959
45;10000;0.75;0.0011381
46;10000;0.75;0.0010743
47;10000;0.75;0.0010642
48;10000;0.75;0.001237
49;10000;0.75;0.0011477
50;10000;0.75;0.0012752
51;10000;0.75;0.0013452
52;10000;0.75;0.0012701
53;10000;0.75;0.0011939
54;10000;0.75;0.001253
55;10000;0.75;0.0011923
56;10000;0.75;0.0010161
57;10000;0.75;0.0011118
58;10000;0.75;0.0010613
59;10000;0.75;0.0010676
60;10000;0.75;0.0010973
61;10000;0.75;0.0012982
62;10000;0.75;0.0013449
63;10000;0.75;0.0011941
64;10000;0.75;0.0011423
65;10000;0.75;0.0011069
66;10000;0.75;0.001051
67;10000;0.75;0.0014683
68;10000;0.75;0.0010861
69;10000;0.75;0.0011794
70;10000;0.75;0.0011646
71;10000;0.75;0.0014749
72;10000;0.75;0.0010949
73;10000;0.75;0.0010619
74;10000;0.75;0.0011071
75;10000;0.75;0.0011231
76;10000;0.75;0.0012042
77;10000;0.75;0.0011651
78;10000;0.75;0.0012198
79;10000;0.75;0.0012176
80;10000;0.75;0.0010776
81;10000;0.75;0.0010375
82;10000;0.75;0.001242
83;10000;0.75;0.0010803
84;10000;0.75;0.0011801
85;10000;0.75;0.0011416
86;10000;0.75;0.0010446
87;10000;0.75;0.001023
88;10000;0.75;0.0010662
89;10000;0.75;0.0010406
90;10000;0.75;0.0010377
91;10000;0.75;0.0010214
92;10000;0.75;0.0011525
93;10000;0.75;0.0010133
94;10000;0.75;0.0010365
95;10000;0.75;0.0013485
96;10000;0.75;0.0011407
97;10000;0.75;0.0010252
98;10000;0.75;0.0010443
99;10000;0.75;0.0012595
0;10000;0.95;0.0007558
1;10000;0.95;0.000916
2;10000;0.95;0.0008384
3;10000;0.95;0.0008264
4;10000;0.95;0.0010681
5;10000;0.95;0.0008615
6;10000;0.95;0.0008735
7;10000;0.95;0.0008663
8;10000;0.95;0.0008058
9;10000;0.95;0.0008524
10;10000;0.95;0.0007783
11;10000;0.95;0.0008688
12;10000;0.95;0.0008055
13;10000;0.95;0.0009297
14;10000;0.95;0.0009099
15;10000;0.95;0.0008621
16;10000;0.95;0.0008295
17;10000;0.95;0.0008543
18;10000;0.95;0.0010139
19;10000;0.95;0.0008894
20;10000;0.95;0.0008475
21;10000;0.95;0.0008597
22;10000;0.95;0.0009511
23;10000;0.95;0.0008303
24;10000;0.95;0.0008961
25;10000;0.95;0.0008231
26;10000;0.95;0.0007966
27;10000;0.95;0.0008212
28;10000;0.95;0.0008318
29;10000;0.95;0.0008572
30;10000;0.95;0.0007896
31;10000;0.95;0.0009025
32;10000;0.95;0.0008103
33;10000;0.95;0.0008425
34;10000;0.95;0.0010052
35;10000;0.95;0.0009605
36;10000;0.95;0.0010008
37;10000;0.95;0.0007905
38;10000;0.95;0.0007644
39;10000;0.95;0.0008744
40;10000;0.95;0.000782
41;10000;0.95;0.0008294
42;10000;0.95;0.0008203
43;10000;0.95;0.0008364
44;10000;0.95;0.0008043
45;10000;0.95;0.0009155
46;10000;0.95;0.0008167
47;10000;0.95;0.0008377
48;10000;0.95;0.0008861
49;10000;0.95;0.0008959
50;10000;0.95;0.001052
51;10000;0.95;0.0007938
52;10000;0.95;0.0008164
53;10000;0.95;0.0008562
54;10000;0.95;0.000887
55;10000;0.95;0.0008452
56;10000;0.95;0.0010097
57;10000;0.95;0.0008834
58;10000;0.95;0.0008311
59;10000;0.95;0.0008214
60;10000;0.95;0.0008598
61;10000;0.95;0.0008689
62;10000;0.95;0.001066
63;10000;0.95;0.0008995
64;10000;0.95;0.0007848
65;10000;0.95;0.0008664
66;10000;0.95;0.0008449
67;10000;0.95;0.0008423
68;10000;0.95;0.0009142
69;10000;0.95;0.0009227
70;10000;0.95;0.0008532
71;10000;0.95;0.0008494
72;10000;0.95;0.000777
73;10000;0.95;0.0009304
74;10000;0.95;0.0009053
75;10000;0.95;0.0008974
76;10000;0.95;0.0008629
77;10000;0.95;0.0008659
78;10000;0.95;0.0008877
79;10000;0.95;0.0007873
80;10000;0.95;0.0009039
81;10000;0.95;0.0008598
82;10000;0.95;0.0008409
83;10000;0.95;0.0008433
84;10000;0.95;0.0008546
85;10000;0.95;0.0008417
86;10000;0.95;0.0011976
87;10000;0.95;0.0008143
88;10000;0.95;0.0008626
89;10000;0.95;0.0008621
90;10000;0.95;0.0011192
91;10000;0.95;0.0008583
92;10000;0.95;0.0008318
93;10000;0.95;0.0009089
94;10000;0.95;0.0009143
95;10000;0.95;0.000841
96;10000;0.95;0.0007805
97;10000;0.95;0.0007983
98;10000;0.95;0.0007692
99;10000;0.95;0.0012762
0;10000;0.99;0.0007203
1;10000;0.99;0.0007648
2;10000;0.99;0.0008055
3;10000;0.99;0.0007446
4;10000;0.99;0.0007217
5;10000;0.99;0.0008154
6;10000;0.99;0.0007537
7;10000;0.99;0.0007301
8;10000;0.99;0.0007532
9;10000;0.99;0.0007152
10;10000;0.99;0.0007335
11;10000;0.99;0.0008349
12;10000;0.99;0.0007944
13;10000;0.99;0.0007743
14;10000;0.99;0.0007592
15;10000;0.99;0.0007992
16;10000;0.99;0.0007187
17;10000;0.99;0.000729
18;10000;0.99;0.0007584
19;10000;0.99;0.0007612
20;10000;0.99;0.0008102
21;10000;0.99;0.0009677
22;10000;0.99;0.0007244
23;10000;0.99;0.0007609
24;10000;0.99;0.0007379
25;10000;0.99;0.000775
26;10000;0.99;0.0007884
27;10000;0.99;0.0007544
28;10000;0.99;0.0007673
29;10000;0.99;0.0007417
30;10000;0.99;0.0009991
31;10000;0.99;0.000728
32;10000;0.99;0.0007353
33;10000;0.99;0.000792
34;10000;0.99;0.0007614
35;10000;0.99;0.0007336
36;10000;0.99;0.0008237
37;10000;0.99;0.0007338
38;10000;0.99;0.000718
39;10000;0.99;0.0008018
40;10000;0.99;0.0007312
41;10000;0.99;0.0007364
42;10000;0.99;0.0007146
43;10000;0.99;0.0008396
44;10000;0.99;0.0007123
45;10000;0.99;0.0007199
46;10000;0.99;0.0007129
47;10000;0.99;0.0007183
48;10000;0.99;0.0007442
49;10000;0.99;0.0007397
50;10000;0.99;0.000744
51;10000;0.99;0.0008003
52;10000;0.99;0.0008859
53;10000;0.99;0.0008408
54;10000;0.99;0.0007399
55;10000;0.99;0.0007225
56;10000;0.99;0.0007216
57;10000;0.99;0.0007285
58;10000;0.99;0.0007199
59;10000;0.99;0.0007277
60;10000;0.99;0.0007172
61;10000;0.99;0.0007627
62;10000;0.99;0.0007451
63;10000;0.99;0.000784
64;10000;0.99;0.0007701
65;10000;0.99;0.0007689
66;10000;0.99;0.0007345
67;10000;0.99;0.0007285
68;10000;0.99;0.001064
69;10000;0.99;0.0007691
70;10000;0.99;0.0008451
71;10000;0.99;0.0007287
72;10000;0.99;0.0007153
73;10000;0.99;0.0007136
74;10000;0.99;0.0007445
75;10000;0.99;0.0007245
76;10000;0.99;0.0007168
77;10000;0.99;0.000709
78;10000;0.99;0.0007252
79;10000;0.99;0.0007912
80;10000;0.99;0.0007409
81;10000;0.99;0.0007231
82;10000;0.99;0.0007107
83;10000;0.99;0.000722
84;10000;0.99;0.0007618
85;10000;0.99;0.0007422
86;10000;0.99;0.0007941
87;10000;0.99;0.0007635
88;10000;0.99;0.0007438
89;10000;0.99;0.0007355
90;10000;0.99;0.0007282
91;10000;0.99;0.0007879
92;10000;0.99;0.0016377
93;10000;0.99;0.0007968
94;10000;0.99;0.0007311
95;10000;0.99;0.0007713
96;10000;0.99;0.0009445
97;10000;0.99;0.0007326
98;10000;0.99;0.0007342
99;10000;0.99;0.0012474
0;10000;0.997;0.0006923
1;10000;0.997;0.0007839
2;10000;0.997;0.0008375
3;10000;0.997;0.0007927
4;10000;0.997;0.0008038
5;10000;0.997;0.0007765
6;10000;0.997;0.0008108
7;10000;0.997;0.0007973
8;10000;0.997;0.00077
9;10000;0.997;0.0010654
10;10000;0.997;0.0008539
11;10000;0.997;0.0008204
12;10000;0.997;0.0009219
13;10000;0.997;0.0009235
14;10000;0.997;0.0008186
15;10000;0.997;0.0007785
16;10000;0.997;0.0008177
17;10000;0.997;0.0008698
18;10000;0.997;0.0009256
19;10000;0.997;0.0007968
20;10000;0.997;0.0007535
21;10000;0.997;0.0009137
22;10000;0.997;0.0009538
23;10000;0.997;0.0008219
24;10000;0.997;0.0008658
25;10000;0.997;0.0007927
26;10000;0.997;0.0008066
27;10000;0.997;0.0008255
28;10000;0.997;0.000993
29;10000;0.997;0.0008184
30;10000;0.997;0.0009184
31;10000;0.997;0.0008261
32;10000;0.997;0.0007915
33;10000;0.997;0.0007727
34;10000;0.997;0.0008836
35;10000;0.997;0.0008101
36;10000;0.997;0.0008113
37;10000;0.997;0.000774
38;10000;0.997;0.0008519
39;10000;0.997;0.0008711
40;10000;0.997;0.0009706
41;10000;0.997;0.0008114
42;10000;0.997;0.0008429
43;10000;0.997;0.0007668
44;10000;0.997;0.0007286
45;10000;0.997;0.0009249
46;10000;0.997;0.0008182
47;10000;0.997;0.0008243
48;10000;0.997;0.0008003
49;10000;0.997;0.0008184
50;10000;0.997;0.0007902
51;10000;0.997;0.0008057
52;10000;0.997;0.0007942
53;10000;0.997;0.0007632
54;10000;0.997;0.0008364
55;10000;0.997;0.0009612
56;10000;0.997;0.0007989
57;10000;0.997;0.0008103
58;10000;0.997;0.0007863
59;10000;0.997;0.0007641
60;10000;0.997;0.0008495
61;10000;0.997;0.0007683
62;10000;0.997;0.0007799
63;10000;0.997;0.0008644
64;10000;0.997;0.0008031
65;10000;0.997;0.000828
66;10000;0.997;0.0007723
67;10000;0.997;0.0007511
68;10000;0.997;0.0008191
69;10000;0.997;0.0007994
70;10000;0.997;0.0007779
71;10000;0.997;0.0007827
72;10000;0.997;0.0008594
73;10000;0.997;0.0009629
74;10000;0.997;0.000833
75;10000;0.997;0.000863
76;10000;0.997;0.0007716
77;10000;0.997;0.0007856
78;10000;0.997;0.0007771
79;10000;0.997;0.0008034
80;10000;0.997;0.0007394
81;10000;0.997;0.0007986
82;10000;0.997;0.0008358
83;10000;0.997;0.0007678
84;10000;0.997;0.000743
85;10000;0.997;0.0008224
86;10000;0.997;0.000768
87;10000;0.997;0.0007607
88;10000;0.997;0.0008809
89;10000;0.997;0.0008043
90;10000;0.997;0.0008811
91;10000;0.997;0.000782
92;10000;0.997;0.0007649
93;10000;0.997;0.0007763
94;10000;0.997;0.0007434
95;10000;0.997;0.0007423
96;10000;0.997;0.0007839
97;10000;0.997;0.0008266
98;10000;0.997;0.0007726
99;10000;0.997;0.0013826
0;50000;-1;0.003888
1;50000;-1;0.0040722
2;50000;-1;0.0040758
3;50000;-1;0.004173
4;50000;-1;0.0039999
5;50000;-1;0.0045138
6;50000;-1;0.0041245
7;50000;-1;0.0054382
8;50000;-1;0.0043335
9;50000;-1;0.0045294
10;50000;-1;0.0047595
11;50000;-1;0.0045841
12;50000;-1;0.0044552
13;50000;-1;0.0040268
14;50000;-1;0.0041952
15;50000;-1;0.0041206
16;50000;-1;0.003894
17;50000;-1;0.0038666
18;50000;-1;0.0038709
19;50000;-1;0.0038202
20;50000;-1;0.0038244
21;50000;-1;0.003858
22;50000;-1;0.0040294
23;50000;-1;0.0038572
24;50000;-1;0.0037992
25;50000;-1;0.0039169
26;50000;-1;0.004051
27;50000;-1;0.0039486
28;50000;-1;0.0042678
29;50000;-1;0.0038586
30;50000;-1;0.0046807
31;50000;-1;0.0039393
32;50000;-1;0.0043003
33;50000;-1;0.0038899
34;50000;-1;0.0041835
35;50000;-1;0.0040799
36;50000;-1;0.0042384
37;50000;-1;0.0039862
38;50000;-1;0.0039435
39;50000;-1;0.0039288
40;50000;-1;0.0040042
41;50000;-1;0.0039348
42;50000;-1;0.0037674
43;50000;-1;0.0038041
44;50000;-1;0.0037717
45;50000;-1;0.0039639
46;50000;-1;0.0044093
47;50000;-1;0.0041303
48;50000;-1;0.0039152
49;50000;-1;0.0045558
50;50000;-1;0.0038238
51;50000;-1;0.0041607
52;50000;-1;0.0040711
53;50000;-1;0.0042091
54;50000;-1;0.0042831
55;50000;-1;0.004065
56;50000;-1;0.0039105
57;50000;-1;0.0038607
58;50000;-1;0.0039609
59;50000;-1;0.0038726
60;50000;-1;0.0043619
61;50000;-1;0.0039671
62;50000;-1;0.0038807
63;50000;-1;0.0039602
64;50000;-1;0.0038544
65;50000;-1;0.0039929
66;50000;-1;0.0037529
67;50000;-1;0.0041042
68;50000;-1;0.0039419
69;50000;-1;0.003901
70;50000;-1;0.0038518
71;50000;-1;0.0039413
72;50000;-1;0.0041094
73;50000;-1;0.0039658
74;50000;-1;0.0040577
75;50000;-1;0.0041507
76;50000;-1;0.00419
77;50000;-1;0.0038773
78;50000;-1;0.0043239
79;50000;-1;0.0038671
80;50000;-1;0.003922
81;50000;-1;0.0038999
82;50000;-1;0.0040118
83;50000;-1;0.0042373
84;50000;-1;0.0040009
85;50000;-1;0.0037696
86;50000;-1;0.0040553
87;50000;-1;0.0038461
88;50000;-1;0.0046042
89;50000;-1;0.0037904
90;50000;-1;0.0039528
91;50000;-1;0.004166
92;50000;-1;0.0039101
93;50000;-1;0.0043176
94;50000;-1;0.0041737
95;50000;-1;0.0039561
96;50000;-1;0.0039454
97;50000;-1;0.0039537
98;50000;-1;0.0039646
99;50000;-1;0.0069365
0;50000;1;0.0066889
1;50000;1;0.0068837
2;50000;1;0.0069833
3;50000;1;0.006686
4;50000;1;0.0066872
5;50000;1;0.0067005
6;50000;1;0.0065738
7;50000;1;0.0065955
8;50000;1;0.0064944
9;50000;1;0.0066192
10;50000;1;0.0121214
11;50000;1;0.0081067
12;50000;1;0.0078227
13;50000;1;0.0067207
14;50000;1;0.0066298
15;50000;1;0.0069344
16;50000;1;0.0070455
17;50000;1;0.0068169
18;50000;1;0.0071704
19;50000;1;0.0069328
20;50000;1;0.0065179
21;50000;1;0.0066406
22;50000;1;0.0081
23;50000;1;0.0078192
24;50000;1;0.0064839
25;50000;1;0.0065767
26;50000;1;0.0069836
27;50000;1;0.0065225
28;50000;1;0.006745
29;50000;1;0.0064786
30;50000;1;0.0065711
31;50000;1;0.0064912
32;50000;1;0.0070785
33;50000;1;0.0074996
34;50000;1;0.0066676
35;50000;1;0.0069512
36;50000;1;0.0068669
37;50000;1;0.00663
38;50000;1;0.0067607
39;50000;1;0.0070446
40;50000;1;0.0067349
41;50000;1;0.0071437
42;50000;1;0.0067437
43;50000;1;0.0067983
44;50000;1;0.0068535
45;50000;1;0.0066384
46;50000;1;0.0066007
47;50000;1;0.0070285
48;50000;1;0.0064804
49;50000;1;0.0065805
50;50000;1;0.0069138
51;50000;1;0.0065732
52;50000;1;0.0065099
53;50000;1;0.00728
54;50000;1;0.0064673
55;50000;1;0.0065632
56;50000;1;0.0074022
57;50000;1;0.0066905
58;50000;1;0.00639
59;50000;1;0.0071387
60;50000;1;0.006743
61;50000;1;0.006666
62;50000;1;0.0104065
63;50000;1;0.0076103
64;50000;1;0.0065308
65;50000;1;0.0066307
66;50000;1;0.0077679
67;50000;1;0.0066652
68;50000;1;0.0069179
69;50000;1;0.0067115
70;50000;1;0.0070216
71;50000;1;0.0072676
72;50000;1;0.0068509
73;50000;1;0.0064023
74;50000;1;0.0070171
75;50000;1;0.0066419
76;50000;1;0.0068553
77;50000;1;0.0066325
78;50000;1;0.0069504
79;50000;1;0.0063305
80;50000;1;0.0067794
81;50000;1;0.0067184
82;50000;1;0.006897
83;50000;1;0.0072666
84;50000;1;0.0074991
85;50000;1;0.0074493
86;50000;1;0.0070352
87;50000;1;0.0070088
88;50000;1;0.0064927
89;50000;1;0.0067716
90;50000;1;0.0068986
91;50000;1;0.0069227
92;50000;1;0.0072574
93;50000;1;0.0077551
94;50000;1;0.0076574
95;50000;1;0.0070904
96;50000;1;0.0072711
97;50000;1;0.0074533
98;50000;1;0.0070555
99;50000;1;0.0066789
0;50000;0.25;0.0072744
1;50000;0.25;0.006539
2;50000;0.25;0.0065764
3;50000;0.25;0.0065601
4;50000;0.25;0.0063214
5;50000;0.25;0.0071134
6;50000;0.25;0.0066398
7;50000;0.25;0.006844
8;50000;0.25;0.0061823
9;50000;0.25;0.0070826
10;50000;0.25;0.0064005
11;50000;0.25;0.0061933
12;50000;0.25;0.0068988
13;50000;0.25;0.0062962
14;50000;0.25;0.0064224
15;50000;0.25;0.0068015
16;50000;0.25;0.0064366
17;50000;0.25;0.0064027
18;50000;0.25;0.0067924
19;50000;0.25;0.0066221
20;50000;0.25;0.0088642
21;50000;0.25;0.0069741
22;50000;0.25;0.0070104
23;50000;0.25;0.0070331
24;50000;0.25;0.0072793
25;50000;0.25;0.0071003
26;50000;0.25;0.0069333
27;50000;0.25;0.0069255
28;50000;0.25;0.0067676
29;50000;0.25;0.0066263
30;50000;0.25;0.0062944
31;50000;0.25;0.0065727
32;50000;0.25;0.0063832
33;50000;0.25;0.0062943
34;50000;0.25;0.0067108
35;50000;0.25;0.0072283
36;50000;0.25;0.0069153
37;50000;0.25;0.0072942
38;50000;0.25;0.0079104
39;50000;0.25;0.0071466
40;50000;0.25;0.0070307
41;50000;0.25;0.007077
42;50000;0.25;0.0075728
43;50000;0.25;0.0068282
44;50000;0.25;0.0075425
45;50000;0.25;0.0065687
46;50000;0.25;0.0063248
47;50000;0.25;0.0070971
48;50000;0.25;0.0064235
49;50000;0.25;0.0062742
50;50000;0.25;0.0064811
51;50000;0.25;0.0066098
52;50000;0.25;0.006488
53;50000;0.25;0.0065778
54;50000;0.25;0.0067183
55;50000;0.25;0.0069339
56;50000;0.25;0.0066702
57;50000;0.25;0.0067071
58;50000;0.25;0.006942
59;50000;0.25;0.0067073
60;50000;0.25;0.006997
61;50000;0.25;0.0072444
62;50000;0.25;0.0065002
63;50000;0.25;0.0066234
64;50000;0.25;0.0063523
65;50000;0.25;0.0068586
66;50000;0.25;0.0063171
67;50000;0.25;0.0071092
68;50000;0.25;0.0065696
69;50000;0.25;0.0066251
70;50000;0.25;0.0069062
71;50000;0.25;0.0063113
72;50000;0.25;0.0064907
73;50000;0.25;0.0064926
74;50000;0.25;0.0065388
75;50000;0.25;0.006329
76;50000;0.25;0.0073072
77;50000;0.25;0.0065728
78;50000;0.25;0.0066586
79;50000;0.25;0.0080526
80;50000;0.25;0.0085901
81;50000;0.25;0.0085527
82;50000;0.25;0.0070871
83;50000;0.25;0.0064169
84;50000;0.25;0.0068471
85;50000;0.25;0.006409
86;50000;0.25;0.0065286
87;50000;0.25;0.0072383
88;50000;0.25;0.006901
89;50000;0.25;0.0069017
90;50000;0.25;0.0069514
91;50000;0.25;0.0065719
92;50000;0.25;0.0067768
93;50000;0.25;0.0065442
94;50000;0.25;0.007368
95;50000;0.25;0.006695
96;50000;0.25;0.0068805
97;50000;0.25;0.0078397
98;50000;0.25;0.006374
99;50000;0.25;0.0065793
0;50000;0.5;0.0072022
1;50000;0.5;0.0140522
2;50000;0.5;0.0251296
3;50000;0.5;0.0061407
4;50000;0.5;0.0064376
5;50000;0.5;0.007353
6;50000;0.5;0.0082489
7;50000;0.5;0.0175431
8;50000;0.5;0.0192991
9;50000;0.5;0.006489
10;50000;0.5;0.0071228
11;50000;0.5;0.0058025
12;50000;0.5;0.008851
13;50000;0.5;0.0068329
14;50000;0.5;0.0061003
15;50000;0.5;0.0089464
16;50000;0.5;0.0081044
17;50000;0.5;0.0233146
18;50000;0.5;0.024532
19;50000;0.5;0.0135582
20;50000;0.5;0.0060976
21;50000;0.5;0.0068185
22;50000;0.5;0.0067006
23;50000;0.5;0.0089722
24;50000;0.5;0.0104777
25;50000;0.5;0.0202329
26;50000;0.5;0.0137153
27;50000;0.5;0.006617
28;50000;0.5;0.0208853
29;50000;0.5;0.0066027
30;50000;0.5;0.0061936
31;50000;0.5;0.0217107
32;50000;0.5;0.0063312
33;50000;0.5;0.0251207
34;50000;0.5;0.0252234
35;50000;0.5;0.006093
36;50000;0.5;0.0170978
37;50000;0.5;0.0106319
38;50000;0.5;0.0067614
39;50000;0.5;0.008765
40;50000;0.5;0.0200451
41;50000;0.5;0.0119617
42;50000;0.5;0.0173708
43;50000;0.5;0.0060783
44;50000;0.5;0.0113959
45;50000;0.5;0.0063349
46;50000;0.5;0.0063903
47;50000;0.5;0.0092852
48;50000;0.5;0.0087137
49;50000;0.5;0.0062217
50;50000;0.5;0.0090542
51;50000;0.5;0.0073986
52;50000;0.5;0.0063487
53;50000;0.5;0.0065483
54;50000;0.5;0.0163829
55;50000;0.5;0.0064686
56;50000;0.5;0.0216878
57;50000;0.5;0.0061899
58;50000;0.5;0.0126516
59;50000;0.5;0.0080096
60;50000;0.5;0.0067719
61;50000;0.5;0.0064217
62;50000;0.5;0.0065204
63;50000;0.5;0.0276463
64;50000;0.5;0.0069463
65;50000;0.5;0.0078567
66;50000;0.5;0.0064726
67;50000;0.5;0.0213385
68;50000;0.5;0.0091338
69;50000;0.5;0.0130972
70;50000;0.5;0.0162563
71;50000;0.5;0.0260656
72;50000;0.5;0.0184538
73;50000;0.5;0.0079055
74;50000;0.5;0.0150342
75;50000;0.5;0.0142457
76;50000;0.5;0.0061218
77;50000;0.5;0.0229649
78;50000;0.5;0.0169249
79;50000;0.5;0.0071323
80;50000;0.5;0.0080519
81;50000;0.5;0.0111612
82;50000;0.5;0.0096704
83;50000;0.5;0.0062378
84;50000;0.5;0.0063972
85;50000;0.5;0.0159966
86;50000;0.5;0.0230236
87;50000;0.5;0.0221562
88;50000;0.5;0.0074995
89;50000;0.5;0.0254045
90;50000;0.5;0.0109056
91;50000;0.5;0.0063542
92;50000;0.5;0.0062126
93;50000;0.5;0.0116735
94;50000;0.5;0.0105094
95;50000;0.5;0.009076
96;50000;0.5;0.007106
97;50000;0.5;0.0074533
98;50000;0.5;0.0128083
99;50000;0.5;0.0065576
0;50000;0.75;0.0053986
1;50000;0.75;0.0059761
2;50000;0.75;0.0053135
3;50000;0.75;0.0057107
4;50000;0.75;0.0054074
5;50000;0.75;0.0055968
6;50000;0.75;0.0056481
7;50000;0.75;0.0056271
8;50000;0.75;0.0052952
9;50000;0.75;0.0054179
10;50000;0.75;0.0054284
11;50000;0.75;0.0056456
12;50000;0.75;0.0054667
13;50000;0.75;0.0055054
14;50000;0.75;0.0053016
15;50000;0.75;0.0060127
16;50000;0.75;0.0055259
17;50000;0.75;0.0059861
18;50000;0.75;0.0052997
19;50000;0.75;0.005485
20;50000;0.75;0.0052718
21;50000;0.75;0.0053485
22;50000;0.75;0.0053081
23;50000;0.75;0.0053274
24;50000;0.75;0.0052867
25;50000;0.75;0.0052801
26;50000;0.75;0.0053489
27;50000;0.75;0.0052971
28;50000;0.75;0.0055843
29;50000;0.75;0.0053237
30;50000;0.75;0.0056335
31;50000;0.75;0.0056234
32;50000;0.75;0.0053887
33;50000;0.75;0.0055839
34;50000;0.75;0.0054465
35;50000;0.75;0.005453
36;50000;0.75;0.0055557
37;50000;0.75;0.0053059
38;50000;0.75;0.0057604
39;50000;0.75;0.0054733
40;50000;0.75;0.0053949
41;50000;0.75;0.0062979
42;50000;0.75;0.0055398
43;50000;0.75;0.0053318
44;50000;0.75;0.0060292
45;50000;0.75;0.0055309
46;50000;0.75;0.0054613
47;50000;0.75;0.0055036
48;50000;0.75;0.0052576
49;50000;0.75;0.006553
50;50000;0.75;0.0052539
51;50000;0.75;0.0054442
52;50000;0.75;0.0055791
53;50000;0.75;0.005541
54;50000;0.75;0.0059624
55;50000;0.75;0.0055307
56;50000;0.75;0.0054012
57;50000;0.75;0.0060786
58;50000;0.75;0.00541
59;50000;0.75;0.005409
60;50000;0.75;0.005737
61;50000;0.75;0.0056195
62;50000;0.75;0.0053008
63;50000;0.75;0.005538
64;50000;0.75;0.0052872
65;50000;0.75;0.0058767
66;50000;0.75;0.0053645
67;50000;0.75;0.0053561
68;50000;0.75;0.005582
69;50000;0.75;0.0052506
70;50000;0.75;0.0058751
71;50000;0.75;0.0051977
72;50000;0.75;0.0054876
73;50000;0.75;0.0057608
74;50000;0.75;0.0053462
75;50000;0.75;0.0055239
76;50000;0.75;0.0055878
77;50000;0.75;0.0055308
78;50000;0.75;0.0054779
79;50000;0.75;0.0055031
80;50000;0.75;0.0055293
81;50000;0.75;0.0054233
82;50000;0.75;0.0055141
83;50000;0.75;0.0053734
84;50000;0.75;0.0060428
85;50000;0.75;0.0057894
86;50000;0.75;0.0053076
87;50000;0.75;0.0060931
88;50000;0.75;0.0052612
89;50000;0.75;0.005623
90;50000;0.75;0.0057469
91;50000;0.75;0.0052763
92;50000;0.75;0.0053765
93;50000;0.75;0.0054392
94;50000;0.75;0.0053911
95;50000;0.75;0.0058939
96;50000;0.75;0.0056396
97;50000;0.75;0.0055206
98;50000;0.75;0.0055012
99;50000;0.75;0.0066172
0;50000;0.95;0.0059126
1;50000;0.95;0.0056291
2;50000;0.95;0.0056844
3;50000;0.95;0.0050299
4;50000;0.95;0.0052618
5;50000;0.95;0.0059426
6;50000;0.95;0.0055395
7;50000;0.95;0.0049038
8;50000;0.95;0.0053336
9;50000;0.95;0.0053122
10;50000;0.95;0.0054099
11;50000;0.95;0.0053694
12;50000;0.95;0.0054863
13;50000;0.95;0.0049157
14;50000;0.95;0.0061416
15;50000;0.95;0.0050353
16;50000;0.95;0.005638
17;50000;0.95;0.0052136
18;50000;0.95;0.0051226
19;50000;0.95;0.0049489
20;50000;0.95;0.0053282
21;50000;0.95;0.0052263
22;50000;0.95;0.0054053
23;50000;0.95;0.0048979
24;50000;0.95;0.0063336
25;50000;0.95;0.0056685
26;50000;0.95;0.0058017
27;50000;0.95;0.0054946
28;50000;0.95;0.005824
29;50000;0.95;0.006175
30;50000;0.95;0.0059708
31;50000;0.95;0.0054717
32;50000;0.95;0.0059377
33;50000;0.95;0.0056956
34;50000;0.95;0.0057623
35;50000;0.95;0.0052382
36;50000;0.95;0.0052133
37;50000;0.95;0.0050682
38;50000;0.95;0.0077422
39;50000;0.95;0.0053917
40;50000;0.95;0.0052843
41;50000;0.95;0.0049226
42;50000;0.95;0.0052404
43;50000;0.95;0.0049444
44;50000;0.95;0.005089
45;50000;0.95;0.0056215
46;50000;0.95;0.0056954
47;50000;0.95;0.0060772
48;50000;0.95;0.0055714
49;50000;0.95;0.0056393
50;50000;0.95;0.0059668
51;50000;0.95;0.0057152
52;50000;0.95;0.0058173
53;50000;0.95;0.0058649
54;50000;0.95;0.0072361
55;50000;0.95;0.0050436
56;50000;0.95;0.0055319
57;50000;0.95;0.0056168
58;50000;0.95;0.0057465
59;50000;0.95;0.0055459
60;50000;0.95;0.0055166
61;50000;0.95;0.0053164
62;50000;0.95;0.0048527
63;50000;0.95;0.004577
64;50000;0.95;0.0045407
65;50000;0.95;0.0056558
66;50000;0.95;0.0065325
67;50000;0.95;0.0049146
68;50000;0.95;0.0059663
69;50000;0.95;0.0054308
70;50000;0.95;0.0055762
71;50000;0.95;0.0053652
72;50000;0.95;0.0053617
73;50000;0.95;0.0050834
74;50000;0.95;0.0052039
75;50000;0.95;0.0055549
76;50000;0.95;0.0050735
77;50000;0.95;0.0052769
78;50000;0.95;0.0054154
79;50000;0.95;0.0054561
80;50000;0.95;0.0056848
81;50000;0.95;0.006267
82;50000;0.95;0.0057616
83;50000;0.95;0.0054085
84;50000;0.95;0.0054793
85;50000;0.95;0.0058429
86;50000;0.95;0.005402
87;50000;0.95;0.0057528
88;50000;0.95;0.00546
89;50000;0.95;0.0054509
90;50000;0.95;0.00511
91;50000;0.95;0.0057991
92;50000;0.95;0.0057552
93;50000;0.95;0.0052273
94;50000;0.95;0.0050881
95;50000;0.95;0.0064366
96;50000;0.95;0.0056812
97;50000;0.95;0.0063032
98;50000;0.95;0.0053589
99;50000;0.95;0.0065506
0;50000;0.99;0.0039549
1;50000;0.99;0.003869
2;50000;0.99;0.0040868
3;50000;0.99;0.0040957
4;50000;0.99;0.0038096
5;50000;0.99;0.003898
6;50000;0.99;0.004223
7;50000;0.99;0.0040771
8;50000;0.99;0.0037944
9;50000;0.99;0.0041689
10;50000;0.99;0.0039466
11;50000;0.99;0.0037295
12;50000;0.99;0.0039278
13;50000;0.99;0.0040066
14;50000;0.99;0.00392
15;50000;0.99;0.0037972
16;50000;0.99;0.0039581
17;50000;0.99;0.0043095
18;50000;0.99;0.0039275
19;50000;0.99;0.0040169
20;50000;0.99;0.0038711
21;50000;0.99;0.0039354
22;50000;0.99;0.0040655
23;50000;0.99;0.0040815
24;50000;0.99;0.0039927
25;50000;0.99;0.003902
26;50000;0.99;0.0040166
27;50000;0.99;0.0041078
28;50000;0.99;0.0040068
29;50000;0.99;0.0043094
30;50000;0.99;0.0039647
31;50000;0.99;0.0043707
32;50000;0.99;0.0041786
33;50000;0.99;0.00393
34;50000;0.99;0.0041094
35;50000;0.99;0.0038835
36;50000;0.99;0.0039292
37;50000;0.99;0.0040788
38;50000;0.99;0.0043955
39;50000;0.99;0.0038737
40;50000;0.99;0.0042001
41;50000;0.99;0.0042044
42;50000;0.99;0.0039595
43;50000;0.99;0.0039734
44;50000;0.99;0.0038628
45;50000;0.99;0.0040878
46;50000;0.99;0.0040923
47;50000;0.99;0.0040032
48;50000;0.99;0.0040548
49;50000;0.99;0.004386
50;50000;0.99;0.0038965
51;50000;0.99;0.0039545
52;50000;0.99;0.0038916
53;50000;0.99;0.0040692
54;50000;0.99;0.0039247
55;50000;0.99;0.0038855
56;50000;0.99;0.0042296
57;50000;0.99;0.004272
58;50000;0.99;0.0039261
59;50000;0.99;0.0040721
60;50000;0.99;0.0037497
61;50000;0.99;0.0042475
62;50000;0.99;0.0039798
63;50000;0.99;0.0040773
64;50000;0.99;0.0041532
65;50000;0.99;0.0042431
66;50000;0.99;0.0039759
67;50000;0.99;0.0039534
68;50000;0.99;0.004061
69;50000;0.99;0.003968
70;50000;0.99;0.00447
71;50000;0.99;0.003845
72;50000;0.99;0.0042431
73;50000;0.99;0.0041021
74;50000;0.99;0.0038253
75;50000;0.99;0.003923
76;50000;0.99;0.0038902
77;50000;0.99;0.0042352
78;50000;0.99;0.0041172
79;50000;0.99;0.0039514
80;50000;0.99;0.0044024
81;50000;0.99;0.0037888
82;50000;0.99;0.0039801
83;50000;0.99;0.0041213
84;50000;0.99;0.0044176
85;50000;0.99;0.0038338
86;50000;0.99;0.0037475
87;50000;0.99;0.004195
88;50000;0.99;0.0041428
89;50000;0.99;0.0040103
90;50000;0.99;0.004021
91;50000;0.99;0.0041313
92;50000;0.99;0.0039547
93;50000;0.99;0.0039725
94;50000;0.99;0.0042412
95;50000;0.99;0.0040951
96;50000;0.99;0.0045161
97;50000;0.99;0.0039916
98;50000;0.99;0.0039074
99;50000;0.99;0.0065176
0;50000;0.997;0.0041425
1;50000;0.997;0.0037184
2;50000;0.997;0.0038621
3;50000;0.997;0.0039206
4;50000;0.997;0.0038977
5;50000;0.997;0.0038146
6;50000;0.997;0.0037252
7;50000;0.997;0.0039496
8;50000;0.997;0.0037045
9;50000;0.997;0.0037439
10;50000;0.997;0.003742
11;50000;0.997;0.0038176
12;50000;0.997;0.003745
13;50000;0.997;0.0037335
14;50000;0.997;0.00371
15;50000;0.997;0.0037295
16;50000;0.997;0.0037265
17;50000;0.997;0.0038083
18;50000;0.997;0.0037738
19;50000;0.997;0.0041168
20;50000;0.997;0.0037558
21;50000;0.997;0.0039456
22;50000;0.997;0.0037248
23;50000;0.997;0.0038899
24;50000;0.997;0.0038404
25;50000;0.997;0.003967
26;50000;0.997;0.0037726
27;50000;0.997;0.0038933
28;50000;0.997;0.0038662
29;50000;0.997;0.0037153
30;50000;0.997;0.0037748
31;50000;0.997;0.0038863
32;50000;0.997;0.0037828
33;50000;0.997;0.0036971
34;50000;0.997;0.0037886
35;50000;0.997;0.0039444
36;50000;0.997;0.0037648
37;50000;0.997;0.0039569
38;50000;0.997;0.0037725
39;50000;0.997;0.0037399
40;50000;0.997;0.0041261
41;50000;0.997;0.0037454
42;50000;0.997;0.0039191
43;50000;0.997;0.0037735
44;50000;0.997;0.0037161
45;50000;0.997;0.0038665
46;50000;0.997;0.0039062
47;50000;0.997;0.0037733
48;50000;0.997;0.0040129
49;50000;0.997;0.0040052
50;50000;0.997;0.0038528
51;50000;0.997;0.0039294
52;50000;0.997;0.0036419
53;50000;0.997;0.0038035
54;50000;0.997;0.0039339
55;50000;0.997;0.0040017
56;50000;0.997;0.0039658
57;50000;0.997;0.0036603
58;50000;0.997;0.0039062
59;50000;0.997;0.0038477
60;50000;0.997;0.0040226
61;50000;0.997;0.0038055
62;50000;0.997;0.0038394
63;50000;0.997;0.0038768
64;50000;0.997;0.0038455
65;50000;0.997;0.0038284
66;50000;0.997;0.0037664
67;50000;0.997;0.0040479
68;50000;0.997;0.0041185
69;50000;0.997;0.0037085
70;50000;0.997;0.0038577
71;50000;0.997;0.0037593
72;50000;0.997;0.0038866
73;50000;0.997;0.0037097
74;50000;0.997;0.004134
75;50000;0.997;0.00387
76;50000;0.997;0.0037393
77;50000;0.997;0.003753
78;50000;0.997;0.0039894
79;50000;0.997;0.0040416
80;50000;0.997;0.0037146
81;50000;0.997;0.0041859
82;50000;0.997;0.0037871
83;50000;0.997;0.0037605
84;50000;0.997;0.0037494
85;50000;0.997;0.0042367
86;50000;0.997;0.003872
87;50000;0.997;0.0039112
88;50000;0.997;0.0039558
89;50000;0.997;0.003894
90;50000;0.997;0.0038686
91;50000;0.997;0.0041035
92;50000;0.997;0.0039218
93;50000;0.997;0.0037452
94;50000;0.997;0.0037174
95;50000;0.997;0.0038601
96;50000;0.997;0.0038685
97;50000;0.997;0.003863
98;50000;0.997;0.0038052
99;50000;0.997;0.0066879
0;100000;-1;0.0084538
1;100000;-1;0.0083448
2;100000;-1;0.0083209
3;100000;-1;0.0085905
4;100000;-1;0.0084109
5;100000;-1;0.0086392
6;100000;-1;0.0083816
7;100000;-1;0.0087268
8;100000;-1;0.0085342
9;100000;-1;0.0083758
10;100000;-1;0.0084845
11;100000;-1;0.008289
12;100000;-1;0.0088299
13;100000;-1;0.0084531
14;100000;-1;0.0083562
15;100000;-1;0.0083163
16;100000;-1;0.0086301
17;100000;-1;0.0087432
18;100000;-1;0.0086731
19;100000;-1;0.0084231
20;100000;-1;0.0082122
21;100000;-1;0.0085274
22;100000;-1;0.008441
23;100000;-1;0.0081482
24;100000;-1;0.0082863
25;100000;-1;0.0087821
26;100000;-1;0.0091962
27;100000;-1;0.0082914
28;100000;-1;0.0082485
29;100000;-1;0.0084702
30;100000;-1;0.0084748
31;100000;-1;0.0085698
32;100000;-1;0.0084559
33;100000;-1;0.0087158
34;100000;-1;0.008673
35;100000;-1;0.0085293
36;100000;-1;0.0084436
37;100000;-1;0.0082243
38;100000;-1;0.0086327
39;100000;-1;0.0087497
40;100000;-1;0.0085009
41;100000;-1;0.0090813
42;100000;-1;0.0090583
43;100000;-1;0.0082293
44;100000;-1;0.0082553
45;100000;-1;0.008451
46;100000;-1;0.0082174
47;100000;-1;0.0085123
48;100000;-1;0.0084982
49;100000;-1;0.0084003
50;100000;-1;0.0084077
51;100000;-1;0.0083677
52;100000;-1;0.0081367
53;100000;-1;0.0082795
54;100000;-1;0.0083314
55;100000;-1;0.008863
56;100000;-1;0.0083904
57;100000;-1;0.00875
58;100000;-1;0.0081797
59;100000;-1;0.0084073
60;100000;-1;0.0084952
61;100000;-1;0.0080877
62;100000;-1;0.008592
63;100000;-1;0.0084622
64;100000;-1;0.0088647
65;100000;-1;0.0084651
66;100000;-1;0.0094002
67;100000;-1;0.0081812
68;100000;-1;0.00815
69;100000;-1;0.0085154
70;100000;-1;0.0084341
71;100000;-1;0.008533
72;100000;-1;0.0083941
73;100000;-1;0.0086424
74;100000;-1;0.0084253
75;100000;-1;0.0084941
76;100000;-1;0.0084396
77;100000;-1;0.0085445
78;100000;-1;0.0085454
79;100000;-1;0.008344
80;100000;-1;0.0084535
81;100000;-1;0.0089134
82;100000;-1;0.0082875
83;100000;-1;0.0082443
84;100000;-1;0.0083414
85;100000;-1;0.0083163
86;100000;-1;0.0085575
87;100000;-1;0.008415
88;100000;-1;0.0085991
89;100000;-1;0.0085841
90;100000;-1;0.0087198
91;100000;-1;0.0082191
92;100000;-1;0.0081287
93;100000;-1;0.0083947
94;100000;-1;0.0083035
95;100000;-1;0.0086852
96;100000;-1;0.0085491
97;100000;-1;0.0088171
98;100000;-1;0.0083163
99;100000;-1;0.0138448
0;100000;1;0.0137753
1;100000;1;0.0142916
2;100000;1;0.0137553
3;100000;1;0.0144776
4;100000;1;0.0137653
5;100000;1;0.0142417
6;100000;1;0.0137171
7;100000;1;0.0135014
8;100000;1;0.0139361
9;100000;1;0.0146894
10;100000;1;0.0140339
11;100000;1;0.0141602
12;100000;1;0.0133669
13;100000;1;0.0142594
14;100000;1;0.0185733
15;100000;1;0.0136832
16;100000;1;0.0137948
17;100000;1;0.0143389
18;100000;1;0.0139881
19;100000;1;0.014059
20;100000;1;0.0138075
21;100000;1;0.0136494
22;100000;1;0.0137631
23;100000;1;0.0140941
24;100000;1;0.0133798
25;100000;1;0.0133928
26;100000;1;0.0140202
27;100000;1;0.0145531
28;100000;1;0.0138707
29;100000;1;0.0140158
30;100000;1;0.0135074
31;100000;1;0.0144573
32;100000;1;0.0137102
33;100000;1;0.0135912
34;100000;1;0.0136434
35;100000;1;0.0137712
36;100000;1;0.0135635
37;100000;1;0.0141844
38;100000;1;0.0138381
39;100000;1;0.0144639
40;100000;1;0.0135666
41;100000;1;0.0144746
42;100000;1;0.0140799
43;100000;1;0.0139927
44;100000;1;0.0135243
45;100000;1;0.0142354
46;100000;1;0.0141451
47;100000;1;0.014301
48;100000;1;0.014295
49;100000;1;0.0136385
50;100000;1;0.0140075
51;100000;1;0.0148002
52;100000;1;0.0142017
53;100000;1;0.0135205
54;100000;1;0.0135838
55;100000;1;0.013897
56;100000;1;0.0152814
57;100000;1;0.0145463
58;100000;1;0.0142439
59;100000;1;0.0137914
60;100000;1;0.0135609
61;100000;1;0.013836
62;100000;1;0.0148674
63;100000;1;0.0142092
64;100000;1;0.0138851
65;100000;1;0.0141208
66;100000;1;0.0135421
67;100000;1;0.0138613
68;100000;1;0.013909
69;100000;1;0.014044
70;100000;1;0.0135421
71;100000;1;0.0140704
72;100000;1;0.0143163
73;100000;1;0.0137922
74;100000;1;0.0145018
75;100000;1;0.0144035
76;100000;1;0.0138991
77;100000;1;0.0136318
78;100000;1;0.0140129
79;100000;1;0.0135509
80;100000;1;0.0139184
81;100000;1;0.0138968
82;100000;1;0.0136381
83;100000;1;0.0136825
84;100000;1;0.0145502
85;100000;1;0.014249
86;100000;1;0.0136274
87;100000;1;0.0139298
88;100000;1;0.0141972
89;100000;1;0.0140895
90;100000;1;0.0136515
91;100000;1;0.0143647
92;100000;1;0.0140219
93;100000;1;0.0139193
94;100000;1;0.0137992
95;100000;1;0.0154395
96;100000;1;0.0138578
97;100000;1;0.0140489
98;100000;1;0.0138774
99;100000;1;0.0136025
0;100000;0.25;0.0144268
1;100000;0.25;0.0138308
2;100000;0.25;0.0131472
3;100000;0.25;0.014852
4;100000;0.25;0.0131731
5;100000;0.25;0.0134213
6;100000;0.25;0.0131883
7;100000;0.25;0.0134236
8;100000;0.25;0.0133245
9;100000;0.25;0.0132544
10;100000;0.25;0.0139252
11;100000;0.25;0.0136305
12;100000;0.25;0.0131094
13;100000;0.25;0.0132319
14;100000;0.25;0.0132318
15;100000;0.25;0.0130679
16;100000;0.25;0.0134052
17;100000;0.25;0.0151264
18;100000;0.25;0.0138517
19;100000;0.25;0.0144207
20;100000;0.25;0.0140021
21;100000;0.25;0.0140394
22;100000;0.25;0.0134888
23;100000;0.25;0.0134981
24;100000;0.25;0.0137043
25;100000;0.25;0.0131763
26;100000;0.25;0.013361
27;100000;0.25;0.0135599
28;100000;0.25;0.0136325
29;100000;0.25;0.0133762
30;100000;0.25;0.0140441
31;100000;0.25;0.0135332
32;100000;0.25;0.0138821
33;100000;0.25;0.0134459
34;100000;0.25;0.0131472
35;100000;0.25;0.0130288
36;100000;0.25;0.0132351
37;100000;0.25;0.0132196
38;100000;0.25;0.0130992
39;100000;0.25;0.0132191
40;100000;0.25;0.0134513
41;100000;0.25;0.0135599
42;100000;0.25;0.0134142
43;100000;0.25;0.0134824
44;100000;0.25;0.013666
45;100000;0.25;0.0143828
46;100000;0.25;0.0134135
47;100000;0.25;0.0131664
48;100000;0.25;0.0139424
49;100000;0.25;0.0142159
50;100000;0.25;0.0138598
51;100000;0.25;0.0134964
52;100000;0.25;0.0132966
53;100000;0.25;0.0134246
54;100000;0.25;0.0133543
55;100000;0.25;0.0129608
56;100000;0.25;0.0131357
57;100000;0.25;0.0137175
58;100000;0.25;0.0129472
59;100000;0.25;0.0132186
60;100000;0.25;0.0133017
61;100000;0.25;0.0136564
62;100000;0.25;0.0135963
63;100000;0.25;0.0132655
64;100000;0.25;0.0137597
65;100000;0.25;0.0131189
66;100000;0.25;0.0133984
67;100000;0.25;0.0131084
68;100000;0.25;0.0133003
69;100000;0.25;0.012932
70;100000;0.25;0.0133828
71;100000;0.25;0.0141741
72;100000;0.25;0.0139337
73;100000;0.25;0.0132408
74;100000;0.25;0.0132648
75;100000;0.25;0.0134668
76;100000;0.25;0.0136875
77;100000;0.25;0.0142547
78;100000;0.25;0.0140305
79;100000;0.25;0.01398
80;100000;0.25;0.0135115
81;100000;0.25;0.0129815
82;100000;0.25;0.0130834
83;100000;0.25;0.013046
84;100000;0.25;0.0131363
85;100000;0.25;0.0140345
86;100000;0.25;0.013729
87;100000;0.25;0.0133973
88;100000;0.25;0.0140261
89;100000;0.25;0.0144497
90;100000;0.25;0.0133502
91;100000;0.25;0.013472
92;100000;0.25;0.0135816
93;100000;0.25;0.0137804
94;100000;0.25;0.0135001
95;100000;0.25;0.0135983
96;100000;0.25;0.0138644
97;100000;0.25;0.0132417
98;100000;0.25;0.0134264
99;100000;0.25;0.0137186
0;100000;0.5;0.0557185
1;100000;0.5;0.0275294
2;100000;0.5;0.0152426
3;100000;0.5;0.0237855
4;100000;0.5;0.0124862
5;100000;0.5;0.0157937
6;100000;0.5;0.0303386
7;100000;0.5;0.0150577
8;100000;0.5;0.0287403
9;100000;0.5;0.0217735
10;100000;0.5;0.0221442
11;100000;0.5;0.0222348
12;100000;0.5;0.0292173
13;100000;0.5;0.0253292
14;100000;0.5;0.0163126
15;100000;0.5;0.0131546
16;100000;0.5;0.0229465
17;100000;0.5;0.0127866
18;100000;0.5;0.0129137
19;100000;0.5;0.0140062
20;100000;0.5;0.0561379
21;100000;0.5;0.0195
22;100000;0.5;0.0198049
23;100000;0.5;0.0191938
24;100000;0.5;0.0206289
25;100000;0.5;0.0492707
26;100000;0.5;0.0148249
27;100000;0.5;0.0154864
28;100000;0.5;0.018004
29;100000;0.5;0.0215124
30;100000;0.5;0.0144423
31;100000;0.5;0.0125516
32;100000;0.5;0.0129137
33;100000;0.5;0.0409451
34;100000;0.5;0.0144901
35;100000;0.5;0.0132614
36;100000;0.5;0.0129629
37;100000;0.5;0.0131724
38;100000;0.5;0.0409654
39;100000;0.5;0.0130561
40;100000;0.5;0.0181351
41;100000;0.5;0.01556
42;100000;0.5;0.0192814
43;100000;0.5;0.0531576
44;100000;0.5;0.0141548
45;100000;0.5;0.0398456
46;100000;0.5;0.0305637
47;100000;0.5;0.0382209
48;100000;0.5;0.0516343
49;100000;0.5;0.0309665
50;100000;0.5;0.0141042
51;100000;0.5;0.0132742
52;100000;0.5;0.038257
53;100000;0.5;0.0446689
54;100000;0.5;0.0256271
55;100000;0.5;0.0173879
56;100000;0.5;0.0183514
57;100000;0.5;0.020941
58;100000;0.5;0.0154589
59;100000;0.5;0.0132216
60;100000;0.5;0.0130526
61;100000;0.5;0.0174815
62;100000;0.5;0.0324571
63;100000;0.5;0.0206117
64;100000;0.5;0.037273
65;100000;0.5;0.0155288
66;100000;0.5;0.0129174
67;100000;0.5;0.0466498
68;100000;0.5;0.0374336
69;100000;0.5;0.0152056
70;100000;0.5;0.0491778
71;100000;0.5;0.0437687
72;100000;0.5;0.016026
73;100000;0.5;0.0124698
74;100000;0.5;0.0513583
75;100000;0.5;0.0244197
76;100000;0.5;0.0339521
77;100000;0.5;0.0134374
78;100000;0.5;0.0154122
79;100000;0.5;0.0228082
80;100000;0.5;0.0148545
81;100000;0.5;0.0228755
82;100000;0.5;0.0180418
83;100000;0.5;0.0542686
84;100000;0.5;0.0137622
85;100000;0.5;0.0265991
86;100000;0.5;0.0252606
87;100000;0.5;0.0161982
88;100000;0.5;0.0158425
89;100000;0.5;0.029892
90;100000;0.5;0.0128116
91;100000;0.5;0.0249943
92;100000;0.5;0.0130019
93;100000;0.5;0.0129354
94;100000;0.5;0.0156473
95;100000;0.5;0.0185987
96;100000;0.5;0.0451442
97;100000;0.5;0.0506033
98;100000;0.5;0.0132432
99;100000;0.5;0.0141293
0;100000;0.75;0.0116343
1;100000;0.75;0.0113434
2;100000;0.75;0.0115777
3;100000;0.75;0.0114125
4;100000;0.75;0.011482
5;100000;0.75;0.0121292
6;100000;0.75;0.0112227
7;100000;0.75;0.0112222
8;100000;0.75;0.0113069
9;100000;0.75;0.0113913
10;100000;0.75;0.0114665
11;100000;0.75;0.011199
12;100000;0.75;0.0115483
13;100000;0.75;0.0114047
14;100000;0.75;0.0112297
15;100000;0.75;0.0115684
16;100000;0.75;0.0111396
17;100000;0.75;0.0113617
18;100000;0.75;0.0113627
19;100000;0.75;0.0110659
20;100000;0.75;0.0117328
21;100000;0.75;0.0113774
22;100000;0.75;0.0119956
23;100000;0.75;0.0113239
24;100000;0.75;0.0111967
25;100000;0.75;0.0112079
26;100000;0.75;0.0111931
27;100000;0.75;0.0114398
28;100000;0.75;0.0114164
29;100000;0.75;0.0115287
30;100000;0.75;0.0115975
31;100000;0.75;0.011135
32;100000;0.75;0.0115655
33;100000;0.75;0.0111833
34;100000;0.75;0.0111913
35;100000;0.75;0.0111558
36;100000;0.75;0.0113914
37;100000;0.75;0.0118285
38;100000;0.75;0.0114311
39;100000;0.75;0.0120292
40;100000;0.75;0.0116317
41;100000;0.75;0.0112153
42;100000;0.75;0.0113099
43;100000;0.75;0.0113049
44;100000;0.75;0.0111481
45;100000;0.75;0.0113226
46;100000;0.75;0.0116321
47;100000;0.75;0.011252
48;100000;0.75;0.0117892
49;100000;0.75;0.0113785
50;100000;0.75;0.0115935
51;100000;0.75;0.0114811
52;100000;0.75;0.0115294
53;100000;0.75;0.0113667
54;100000;0.75;0.0111504
55;100000;0.75;0.0111625
56;100000;0.75;0.0117056
57;100000;0.75;0.0114337
58;100000;0.75;0.011544
59;100000;0.75;0.0116093
60;100000;0.75;0.0114284
61;100000;0.75;0.0116432
62;100000;0.75;0.0118149
63;100000;0.75;0.0113103
64;100000;0.75;0.0112291
65;100000;0.75;0.0110265
66;100000;0.75;0.0110537
67;100000;0.75;0.0110721
68;100000;0.75;0.0114851
69;100000;0.75;0.0113965
70;100000;0.75;0.0111739
71;100000;0.75;0.0111181
72;100000;0.75;0.0112056
73;100000;0.75;0.0112543
74;100000;0.75;0.0126786
75;100000;0.75;0.0115573
76;100000;0.75;0.0115288
77;100000;0.75;0.0114543
78;100000;0.75;0.011359
79;100000;0.75;0.011343
80;100000;0.75;0.0111878
81;100000;0.75;0.0114207
82;100000;0.75;0.0110238
83;100000;0.75;0.0116284
84;100000;0.75;0.0117818
85;100000;0.75;0.0113058
86;100000;0.75;0.0114362
87;100000;0.75;0.01172
88;100000;0.75;0.0111799
89;100000;0.75;0.0121762
90;100000;0.75;0.0112155
91;100000;0.75;0.0115826
92;100000;0.75;0.0111981
93;100000;0.75;0.0115162
94;100000;0.75;0.0117515
95;100000;0.75;0.0125465
96;100000;0.75;0.0115384
97;100000;0.75;0.0116377
98;100000;0.75;0.01105
99;100000;0.75;0.0139588
0;100000;0.95;0.0128185
1;100000;0.95;0.017245
2;100000;0.95;0.0122323
3;100000;0.95;0.0103462
4;100000;0.95;0.0115476
5;100000;0.95;0.0117527
6;100000;0.95;0.0121864
7;100000;0.95;0.0114792
8;100000;0.95;0.0117498
9;100000;0.95;0.0130616
10;100000;0.95;0.0116587
11;100000;0.95;0.0117215
12;100000;0.95;0.0122986
13;100000;0.95;0.0128882
14;100000;0.95;0.0120553
15;100000;0.95;0.0127639
16;100000;0.95;0.0103448
17;100000;0.95;0.0112292
18;100000;0.95;0.0119917
19;100000;0.95;0.0112659
20;100000;0.95;0.0120143
21;100000;0.95;0.0135064
22;100000;0.95;0.0141367
23;100000;0.95;0.0130349
24;100000;0.95;0.0114738
25;100000;0.95;0.0121129
26;100000;0.95;0.0122136
27;100000;0.95;0.0111089
28;100000;0.95;0.0127003
29;100000;0.95;0.0141359
30;100000;0.95;0.0115713
31;100000;0.95;0.0118381
32;100000;0.95;0.0130796
33;100000;0.95;0.0111246
34;100000;0.95;0.0115951
35;100000;0.95;0.0163156
36;100000;0.95;0.0105003
37;100000;0.95;0.011675
38;100000;0.95;0.0137054
39;100000;0.95;0.0122913
40;100000;0.95;0.0116167
41;100000;0.95;0.0106231
42;100000;0.95;0.0111425
43;100000;0.95;0.0116447
44;100000;0.95;0.0118779
45;100000;0.95;0.0116731
46;100000;0.95;0.0139555
47;100000;0.95;0.0117715
48;100000;0.95;0.0121545
49;100000;0.95;0.0122133
50;100000;0.95;0.012301
51;100000;0.95;0.0106839
52;100000;0.95;0.0115678
53;100000;0.95;0.0118061
54;100000;0.95;0.0116695
55;100000;0.95;0.0136503
56;100000;0.95;0.0110143
57;100000;0.95;0.0116399
58;100000;0.95;0.0116795
59;100000;0.95;0.0123004
60;100000;0.95;0.0120244
61;100000;0.95;0.0145484
62;100000;0.95;0.0139165
63;100000;0.95;0.0140106
64;100000;0.95;0.0132888
65;100000;0.95;0.0110087
66;100000;0.95;0.0113179
67;100000;0.95;0.0115659
68;100000;0.95;0.0148749
69;100000;0.95;0.0126814
70;100000;0.95;0.0139547
71;100000;0.95;0.0129121
72;100000;0.95;0.0108179
73;100000;0.95;0.0124888
74;100000;0.95;0.0113855
75;100000;0.95;0.012669
76;100000;0.95;0.0117229
77;100000;0.95;0.0112573
78;100000;0.95;0.0141226
79;100000;0.95;0.0113468
80;100000;0.95;0.0154295
81;100000;0.95;0.0121942
82;100000;0.95;0.0109787
83;100000;0.95;0.0103047
84;100000;0.95;0.0155012
85;100000;0.95;0.0118833
86;100000;0.95;0.0110409
87;100000;0.95;0.0129094
88;100000;0.95;0.0110628
89;100000;0.95;0.0127461
90;100000;0.95;0.0128567
91;100000;0.95;0.0129111
92;100000;0.95;0.0106068
93;100000;0.95;0.0124905
94;100000;0.95;0.0125897
95;100000;0.95;0.0121938
96;100000;0.95;0.0142802
97;100000;0.95;0.0133153
98;100000;0.95;0.0115919
99;100000;0.95;0.0143653
0;100000;0.99;0.0085166
1;100000;0.99;0.008429
2;100000;0.99;0.0085188
3;100000;0.99;0.0087154
4;100000;0.99;0.0086162
5;100000;0.99;0.008498
6;100000;0.99;0.0083147
7;100000;0.99;0.0083485
8;100000;0.99;0.0085637
9;100000;0.99;0.0085425
10;100000;0.99;0.008329
11;100000;0.99;0.0081002
12;100000;0.99;0.0085
13;100000;0.99;0.0083125
14;100000;0.99;0.0086737
15;100000;0.99;0.0088296
16;100000;0.99;0.0089394
17;100000;0.99;0.0085453
18;100000;0.99;0.0085508
19;100000;0.99;0.0089149
20;100000;0.99;0.0086525
21;100000;0.99;0.009027
22;100000;0.99;0.0091487
23;100000;0.99;0.0093147
24;100000;0.99;0.0090868
25;100000;0.99;0.0087439
26;100000;0.99;0.0087352
27;100000;0.99;0.0091556
28;100000;0.99;0.0087764
29;100000;0.99;0.0086211
30;100000;0.99;0.0095815
31;100000;0.99;0.0090802
32;100000;0.99;0.0092377
33;100000;0.99;0.0087
34;100000;0.99;0.0087924
35;100000;0.99;0.0086906
36;100000;0.99;0.0083457
37;100000;0.99;0.0089456
38;100000;0.99;0.0086577
39;100000;0.99;0.008663
40;100000;0.99;0.0084041
41;100000;0.99;0.0086019
42;100000;0.99;0.0089743
43;100000;0.99;0.0084963
44;100000;0.99;0.0087192
45;100000;0.99;0.0086421
46;100000;0.99;0.0085532
47;100000;0.99;0.0080412
48;100000;0.99;0.0084845
49;100000;0.99;0.0086438
50;100000;0.99;0.0094164
51;100000;0.99;0.0083079
52;100000;0.99;0.0088014
53;100000;0.99;0.0085466
54;100000;0.99;0.0097387
55;100000;0.99;0.0088945
56;100000;0.99;0.0085124
57;100000;0.99;0.0094331
58;100000;0.99;0.0089228
59;100000;0.99;0.0086135
60;100000;0.99;0.0084442
61;100000;0.99;0.0092285
62;100000;0.99;0.0083542
63;100000;0.99;0.0086093
64;100000;0.99;0.0081339
65;100000;0.99;0.0087612
66;100000;0.99;0.0087333
67;100000;0.99;0.0084357
68;100000;0.99;0.0090203
69;100000;0.99;0.0087887
70;100000;0.99;0.0081909
71;100000;0.99;0.0088745
72;100000;0.99;0.0090509
73;100000;0.99;0.0086493
74;100000;0.99;0.0092762
75;100000;0.99;0.0085944
76;100000;0.99;0.0085066
77;100000;0.99;0.0081127
78;100000;0.99;0.0083658
79;100000;0.99;0.0089363
80;100000;0.99;0.0085643
81;100000;0.99;0.0093776
82;100000;0.99;0.0086198
83;100000;0.99;0.0083524
84;100000;0.99;0.0088736
85;100000;0.99;0.0086729
86;100000;0.99;0.0082859
87;100000;0.99;0.0085476
88;100000;0.99;0.0086627
89;100000;0.99;0.0086504
90;100000;0.99;0.0087397
91;100000;0.99;0.0083843
92;100000;0.99;0.0089327
93;100000;0.99;0.0098843
94;100000;0.99;0.0083447
95;100000;0.99;0.0093812
96;100000;0.99;0.0088388
97;100000;0.99;0.0085103
98;100000;0.99;0.0085624
99;100000;0.99;0.0142025
0;100000;0.997;0.0085364
1;100000;0.997;0.0083086
2;100000;0.997;0.0080348
3;100000;0.997;0.0084932
4;100000;0.997;0.008378
5;100000;0.997;0.008128
6;100000;0.997;0.0081559
7;100000;0.997;0.0080621
8;100000;0.997;0.0078441
9;100000;0.997;0.0078754
10;100000;0.997;0.0083762
11;100000;0.997;0.0077482
12;100000;0.997;0.0085674
13;100000;0.997;0.0078817
14;100000;0.997;0.0078758
15;100000;0.997;0.0079532
16;100000;0.997;0.0093153
17;100000;0.997;0.0079333
18;100000;0.997;0.0083738
19;100000;0.997;0.0081832
20;100000;0.997;0.0085332
21;100000;0.997;0.0078502
22;100000;0.997;0.0079619
23;100000;0.997;0.0078558
24;100000;0.997;0.0082371
25;100000;0.997;0.0079729
26;100000;0.997;0.0083566
27;100000;0.997;0.0078748
28;100000;0.997;0.0080929
29;100000;0.997;0.0077378
30;100000;0.997;0.008222
31;100000;0.997;0.0078493
32;100000;0.997;0.0080006
33;100000;0.997;0.0078575
34;100000;0.997;0.0078884
35;100000;0.997;0.0078828
36;100000;0.997;0.0082172
37;100000;0.997;0.0080282
38;100000;0.997;0.0079155
39;100000;0.997;0.0078814
40;100000;0.997;0.0084205
41;100000;0.997;0.007859
42;100000;0.997;0.0081074
43;100000;0.997;0.0079579
44;100000;0.997;0.0084941
45;100000;0.997;0.0080488
46;100000;0.997;0.0085178
47;100000;0.997;0.0079787
48;100000;0.997;0.0081175
49;100000;0.997;0.007888
50;100000;0.997;0.0082188
51;100000;0.997;0.0079233
52;100000;0.997;0.0081554
53;100000;0.997;0.0081796
54;100000;0.997;0.0077759
55;100000;0.997;0.0079404
56;100000;0.997;0.0080199
57;100000;0.997;0.0079077
58;100000;0.997;0.0087146
59;100000;0.997;0.0080891
60;100000;0.997;0.008641
61;100000;0.997;0.0080171
62;100000;0.997;0.0084427
63;100000;0.997;0.0090405
64;100000;0.997;0.0086772
65;100000;0.997;0.0079532
66;100000;0.997;0.0080031
67;100000;0.997;0.0085847
68;100000;0.997;0.0082034
69;100000;0.997;0.0083767
70;100000;0.997;0.0083435
71;100000;0.997;0.0081318
72;100000;0.997;0.0079132
73;100000;0.997;0.0079313
74;100000;0.997;0.0078974
75;100000;0.997;0.0078654
76;100000;0.997;0.0078674
77;100000;0.997;0.0078717
78;100000;0.997;0.0080495
79;100000;0.997;0.0081298
80;100000;0.997;0.0080345
81;100000;0.997;0.008171
82;100000;0.997;0.0080053
83;100000;0.997;0.0081156
84;100000;0.997;0.0081333
85;100000;0.997;0.0082523
86;100000;0.997;0.0079373
87;100000;0.997;0.0079105
88;100000;0.997;0.0081344
89;100000;0.997;0.008862
90;100000;0.997;0.0079546
91;100000;0.997;0.0079835
92;100000;0.997;0.0079573
93;100000;0.997;0.0084417
94;100000;0.997;0.0078744
95;100000;0.997;0.0082823
96;100000;0.997;0.0086957
97;100000;0.997;0.0079545
98;100000;0.997;0.0083106
99;100000;0.997;0.0132975
0;500000;-1;0.0498966
1;500000;-1;0.0501087
2;500000;-1;0.0495351
3;500000;-1;0.0486148
4;500000;-1;0.0488297
5;500000;-1;0.0491932
6;500000;-1;0.049015
7;500000;-1;0.0490963
8;500000;-1;0.0502804
9;500000;-1;0.0498073
10;500000;-1;0.0505341
11;500000;-1;0.0497721
12;500000;-1;0.0494349
13;500000;-1;0.0495892
14;500000;-1;0.0496302
15;500000;-1;0.0489416
16;500000;-1;0.0493675
17;500000;-1;0.0494967
18;500000;-1;0.0499018
19;500000;-1;0.0493427
20;500000;-1;0.0504339
21;500000;-1;0.0494376
22;500000;-1;0.0492994
23;500000;-1;0.0485806
24;500000;-1;0.0491907
25;500000;-1;0.0501917
26;500000;-1;0.0507725
27;500000;-1;0.0498639
28;500000;-1;0.0499344
29;500000;-1;0.0495005
30;500000;-1;0.0495713
31;500000;-1;0.0488899
32;500000;-1;0.0489455
33;500000;-1;0.0491326
34;500000;-1;0.0491552
35;500000;-1;0.0491785
36;500000;-1;0.0491681
37;500000;-1;0.0489568
38;500000;-1;0.0505432
39;500000;-1;0.049003
40;500000;-1;0.0484101
41;500000;-1;0.0496906
42;500000;-1;0.0494851
43;500000;-1;0.0497128
44;500000;-1;0.0497863
45;500000;-1;0.0506367
46;500000;-1;0.0505408
47;500000;-1;0.0514609
48;500000;-1;0.0492897
49;500000;-1;0.0500154
50;500000;-1;0.0488205
51;500000;-1;0.0498615
52;500000;-1;0.0489888
53;500000;-1;0.0492721
54;500000;-1;0.0491102
55;500000;-1;0.0490387
56;500000;-1;0.0493817
57;500000;-1;0.0505511
58;500000;-1;0.0497246
59;500000;-1;0.0494424
60;500000;-1;0.0492874
61;500000;-1;0.0489861
62;500000;-1;0.0500177
63;500000;-1;0.0503762
64;500000;-1;0.0492582
65;500000;-1;0.0494376
66;500000;-1;0.0492499
67;500000;-1;0.0489529
68;500000;-1;0.0492279
69;500000;-1;0.0495654
70;500000;-1;0.04906
71;500000;-1;0.0492013
72;500000;-1;0.0497748
73;500000;-1;0.0504908
74;500000;-1;0.0496804
75;500000;-1;0.0501643
76;500000;-1;0.0497159
77;500000;-1;0.0492839
78;500000;-1;0.048094
79;500000;-1;0.0494328
80;500000;-1;0.0494413
81;500000;-1;0.0495567
82;500000;-1;0.0494834
83;500000;-1;0.0508606
84;500000;-1;0.0494459
85;500000;-1;0.0492134
86;500000;-1;0.0491197
87;500000;-1;0.0502994
88;500000;-1;0.0491864
89;500000;-1;0.0492302
90;500000;-1;0.0497687
91;500000;-1;0.0500496
92;500000;-1;0.0495423
93;500000;-1;0.0496637
94;500000;-1;0.049608
95;500000;-1;0.0493779
96;500000;-1;0.0489455
97;500000;-1;0.0491965
98;500000;-1;0.0491065
99;500000;-1;0.0718686
0;500000;1;0.0712447
1;500000;1;0.0736821
2;500000;1;0.0726034
3;500000;1;0.0726434
4;500000;1;0.071514
5;500000;1;0.0733558
6;500000;1;0.0731115
7;500000;1;0.0723231
8;500000;1;0.0728799
9;500000;1;0.0726274
10;500000;1;0.0728549
11;500000;1;0.072099
12;500000;1;0.0726519
13;500000;1;0.0717195
14;500000;1;0.0752468
15;500000;1;0.0709516
16;500000;1;0.0721121
17;500000;1;0.072758
18;500000;1;0.073459
19;500000;1;0.0726659
20;500000;1;0.0713178
21;500000;1;0.0720454
22;500000;1;0.0728937
23;500000;1;0.0723933
24;500000;1;0.0772698
25;500000;1;0.0722287
26;500000;1;0.0740888
27;500000;1;0.0746361
28;500000;1;0.0744836
29;500000;1;0.0723859
30;500000;1;0.0763185
31;500000;1;0.0715773
32;500000;1;0.0713495
33;500000;1;0.0724536
34;500000;1;0.072801
35;500000;1;0.073871
36;500000;1;0.0725713
37;500000;1;0.0728024
38;500000;1;0.0720757
39;500000;1;0.0725393
40;500000;1;0.0713186
41;500000;1;0.0732168
42;500000;1;0.0710908
43;500000;1;0.0718437
44;500000;1;0.0723486
45;500000;1;0.0744331
46;500000;1;0.0744809
47;500000;1;0.0730824
48;500000;1;0.0732175
49;500000;1;0.0727577
50;500000;1;0.072894
51;500000;1;0.0784976
52;500000;1;0.0759893
53;500000;1;0.0737779
54;500000;1;0.0749526
55;500000;1;0.0722589
56;500000;1;0.0714843
57;500000;1;0.0727764
58;500000;1;0.0712268
59;500000;1;0.0801268
60;500000;1;0.0727573
61;500000;1;0.0722859
62;500000;1;0.0719995
63;500000;1;0.07413
64;500000;1;0.0720053
65;500000;1;0.0732978
66;500000;1;0.0710675
67;500000;1;0.0735271
68;500000;1;0.0737839
69;500000;1;0.0728531
70;500000;1;0.0734366
71;500000;1;0.0737774
72;500000;1;0.0718522
73;500000;1;0.0722338
74;500000;1;0.0728956
75;500000;1;0.0727231
76;500000;1;0.0724502
77;500000;1;0.0726362
78;500000;1;0.0740933
79;500000;1;0.0716638
80;500000;1;0.0705873
81;500000;1;0.0739859
82;500000;1;0.0719804
83;500000;1;0.0722969
84;500000;1;0.0732316
85;500000;1;0.0731847
86;500000;1;0.0708826
87;500000;1;0.072085
88;500000;1;0.0699541
89;500000;1;0.0710755
90;500000;1;0.0730631
91;500000;1;0.0723944
92;500000;1;0.0713967
93;500000;1;0.0724076
94;500000;1;0.0730284
95;500000;1;0.0718607
96;500000;1;0.0737665
97;500000;1;0.0735409
98;500000;1;0.073894
99;500000;1;0.110421
0;500000;0.25;0.0700545
1;500000;0.25;0.0714402
2;500000;0.25;0.0716241
3;500000;0.25;0.0707302
4;500000;0.25;0.0740337
5;500000;0.25;0.0702068
6;500000;0.25;0.0696023
7;500000;0.25;0.0711247
8;500000;0.25;0.0705452
9;500000;0.25;0.0759904
10;500000;0.25;0.070709
11;500000;0.25;0.0702047
12;500000;0.25;0.0703821
13;500000;0.25;0.0763016
14;500000;0.25;0.0699097
15;500000;0.25;0.0724534
16;500000;0.25;0.0704096
17;500000;0.25;0.0735603
18;500000;0.25;0.0800622
19;500000;0.25;0.0741775
20;500000;0.25;0.0687829
21;500000;0.25;0.0706694
22;500000;0.25;0.0713429
23;500000;0.25;0.0704171
24;500000;0.25;0.0711067
25;500000;0.25;0.0681734
26;500000;0.25;0.0710521
27;500000;0.25;0.0697874
28;500000;0.25;0.0723925
29;500000;0.25;0.0707553
30;500000;0.25;0.073091
31;500000;0.25;0.0689125
32;500000;0.25;0.0717452
33;500000;0.25;0.0693068
34;500000;0.25;0.0720743
35;500000;0.25;0.0700408
36;500000;0.25;0.0713728
37;500000;0.25;0.0701161
38;500000;0.25;0.0702446
39;500000;0.25;0.0712559
40;500000;0.25;0.072154
41;500000;0.25;0.069803
42;500000;0.25;0.071048
43;500000;0.25;0.0690602
44;500000;0.25;0.0692448
45;500000;0.25;0.0703237
46;500000;0.25;0.0702335
47;500000;0.25;0.0710564
48;500000;0.25;0.0712712
49;500000;0.25;0.0700232
50;500000;0.25;0.0705831
51;500000;0.25;0.0691957
52;500000;0.25;0.0710085
53;500000;0.25;0.0710504
54;500000;0.25;0.0702272
55;500000;0.25;0.070955
56;500000;0.25;0.0714034
57;500000;0.25;0.069644
58;500000;0.25;0.0716413
59;500000;0.25;0.0717712
60;500000;0.25;0.0697255
61;500000;0.25;0.0702571
62;500000;0.25;0.068735
63;500000;0.25;0.0698533
64;500000;0.25;0.0737223
65;500000;0.25;0.0701643
66;500000;0.25;0.0719846
67;500000;0.25;0.0714686
68;500000;0.25;0.0690259
69;500000;0.25;0.0732174
70;500000;0.25;0.070146
71;500000;0.25;0.0702988
72;500000;0.25;0.070762
73;500000;0.25;0.0737954
74;500000;0.25;0.0703368
75;500000;0.25;0.0721897
76;500000;0.25;0.071091
77;500000;0.25;0.0712035
78;500000;0.25;0.0697791
79;500000;0.25;0.0722023
80;500000;0.25;0.0700927
81;500000;0.25;0.0708461
82;500000;0.25;0.0716125
83;500000;0.25;0.0685965
84;500000;0.25;0.0718245
85;500000;0.25;0.0712167
86;500000;0.25;0.069208
87;500000;0.25;0.0702416
88;500000;0.25;0.0712492
89;500000;0.25;0.0776899
90;500000;0.25;0.0703001
91;500000;0.25;0.0702604
92;500000;0.25;0.0711229
93;500000;0.25;0.0742298
94;500000;0.25;0.0710668
95;500000;0.25;0.0702515
96;500000;0.25;0.0735873
97;500000;0.25;0.072199
98;500000;0.25;0.0723968
99;500000;0.25;0.0706917
0;500000;0.5;0.167509
1;500000;0.5;0.287847
2;500000;0.5;0.0797672
3;500000;0.5;0.0983939
4;500000;0.5;0.337351
5;500000;0.5;0.243951
6;500000;0.5;0.174632
7;500000;0.5;0.184006
8;500000;0.5;0.0831116
9;500000;0.5;0.108308
10;500000;0.5;0.144594
11;500000;0.5;0.31318
12;500000;0.5;0.0665177
13;500000;0.5;0.0679684
14;500000;0.5;0.0667709
15;500000;0.5;0.080884
16;500000;0.5;0.0711249
17;500000;0.5;0.0678428
18;500000;0.5;0.128776
19;500000;0.5;0.0862855
20;500000;0.5;0.26866
21;500000;0.5;0.119857
22;500000;0.5;0.167402
23;500000;0.5;0.219475
24;500000;0.5;0.10571
25;500000;0.5;0.0717915
26;500000;0.5;0.120429
27;500000;0.5;0.0814154
28;500000;0.5;0.0831311
29;500000;0.5;0.352425
30;500000;0.5;0.340246
31;500000;0.5;0.0737943
32;500000;0.5;0.0951469
33;500000;0.5;0.403962
34;500000;0.5;0.128776
35;500000;0.5;0.334056
36;500000;0.5;0.251716
37;500000;0.5;0.10967
38;500000;0.5;0.198075
39;500000;0.5;0.190674
40;500000;0.5;0.0827111
41;500000;0.5;0.180111
42;500000;0.5;0.120764
43;500000;0.5;0.0719088
44;500000;0.5;0.148192
45;500000;0.5;0.0669913
46;500000;0.5;0.248594
47;500000;0.5;0.0695093
48;500000;0.5;0.187189
49;500000;0.5;0.0932629
50;500000;0.5;0.228134
51;500000;0.5;0.161118
52;500000;0.5;0.239638
53;500000;0.5;0.380736
54;500000;0.5;0.279349
55;500000;0.5;0.146202
56;500000;0.5;0.0687516
57;500000;0.5;0.258408
58;500000;0.5;0.153409
59;500000;0.5;0.270021
60;500000;0.5;0.139538
61;500000;0.5;0.101565
62;500000;0.5;0.092651
63;500000;0.5;0.0735396
64;500000;0.5;0.118466
65;500000;0.5;0.405005
66;500000;0.5;0.0845522
67;500000;0.5;0.0685261
68;500000;0.5;0.185315
69;500000;0.5;0.236853
70;500000;0.5;0.0847724
71;500000;0.5;0.0837876
72;500000;0.5;0.0690005
73;500000;0.5;0.0943023
74;500000;0.5;0.0811287
75;500000;0.5;0.117733
76;500000;0.5;0.170855
77;500000;0.5;0.0881422
78;500000;0.5;0.0691084
79;500000;0.5;0.0681988
80;500000;0.5;0.093887
81;500000;0.5;0.266929
82;500000;0.5;0.106022
83;500000;0.5;0.243044
84;500000;0.5;0.109168
85;500000;0.5;0.221478
86;500000;0.5;0.0688101
87;500000;0.5;0.347754
88;500000;0.5;0.108277
89;500000;0.5;0.102563
90;500000;0.5;0.0695693
91;500000;0.5;0.247055
92;500000;0.5;0.0967949
93;500000;0.5;0.260823
94;500000;0.5;0.0979108
95;500000;0.5;0.104284
96;500000;0.5;0.0698732
97;500000;0.5;0.0935025
98;500000;0.5;0.125111
99;500000;0.5;0.0716782
0;500000;0.75;0.0595673
1;500000;0.75;0.0612873
2;500000;0.75;0.0602278
3;500000;0.75;0.0586726
4;500000;0.75;0.0596098
5;500000;0.75;0.0596663
6;500000;0.75;0.0606975
7;500000;0.75;0.0596821
8;500000;0.75;0.0600688
9;500000;0.75;0.0620998
10;500000;0.75;0.058431
11;500000;0.75;0.0615666
12;500000;0.75;0.0618716
13;500000;0.75;0.062019
14;500000;0.75;0.0601433
15;500000;0.75;0.06118
16;500000;0.75;0.0606355
17;500000;0.75;0.0577776
18;500000;0.75;0.058281
19;500000;0.75;0.0607061
20;500000;0.75;0.0962803
21;500000;0.75;0.0599684
22;500000;0.75;0.0585778
23;500000;0.75;0.0585778
24;500000;0.75;0.0606563
25;500000;0.75;0.0599881
26;500000;0.75;0.0621005
27;500000;0.75;0.0606736
28;500000;0.75;0.0598908
29;500000;0.75;0.0617943
30;500000;0.75;0.0594897
31;500000;0.75;0.0644987
32;500000;0.75;0.0590367
33;500000;0.75;0.060567
34;500000;0.75;0.0640273
35;500000;0.75;0.0611884
36;500000;0.75;0.0594592
37;500000;0.75;0.0600113
38;500000;0.75;0.0632377
39;500000;0.75;0.0666105
40;500000;0.75;0.0601165
41;500000;0.75;0.0606507
42;500000;0.75;0.0595859
43;500000;0.75;0.0605985
44;500000;0.75;0.0622702
45;500000;0.75;0.0622647
46;500000;0.75;0.0606651
47;500000;0.75;0.0610217
48;500000;0.75;0.0603997
49;500000;0.75;0.0595311
50;500000;0.75;0.0604631
51;500000;0.75;0.0604036
52;500000;0.75;0.0609741
53;500000;0.75;0.058681
54;500000;0.75;0.0586811
55;500000;0.75;0.059526
56;500000;0.75;0.0617484
57;500000;0.75;0.0607266
58;500000;0.75;0.0618902
59;500000;0.75;0.0632539
60;500000;0.75;0.0607243
61;500000;0.75;0.0625296
62;500000;0.75;0.0610956
63;500000;0.75;0.0599368
64;500000;0.75;0.0613443
65;500000;0.75;0.0646674
66;500000;0.75;0.0643099
67;500000;0.75;0.0621808
68;500000;0.75;0.0616887
69;500000;0.75;0.0601662
70;500000;0.75;0.060136
71;500000;0.75;0.0612329
72;500000;0.75;0.0606971
73;500000;0.75;0.0597256
74;500000;0.75;0.0592489
75;500000;0.75;0.0590652
76;500000;0.75;0.0595224
77;500000;0.75;0.0598794
78;500000;0.75;0.060557
79;500000;0.75;0.059252
80;500000;0.75;0.0594125
81;500000;0.75;0.0593808
82;500000;0.75;0.0604551
83;500000;0.75;0.061327
84;500000;0.75;0.0594069
85;500000;0.75;0.0613645
86;500000;0.75;0.0617997
87;500000;0.75;0.0590074
88;500000;0.75;0.0595068
89;500000;0.75;0.0590287
90;500000;0.75;0.0601521
91;500000;0.75;0.0603678
92;500000;0.75;0.0609015
93;500000;0.75;0.0589504
94;500000;0.75;0.0612889
95;500000;0.75;0.0591513
96;500000;0.75;0.0585557
97;500000;0.75;0.0595892
98;500000;0.75;0.0590617
99;500000;0.75;0.071897
0;500000;0.95;0.108377
1;500000;0.95;0.0569617
2;500000;0.95;0.062973
3;500000;0.95;0.0876424
4;500000;0.95;0.0781171
5;500000;0.95;0.0839295
6;500000;0.95;0.150945
7;500000;0.95;0.113284
8;500000;0.95;0.114678
9;500000;0.95;0.0757105
10;500000;0.95;0.0767936
11;500000;0.95;0.0717363
12;500000;0.95;0.0795694
13;500000;0.95;0.0671616
14;500000;0.95;0.0831031
15;500000;0.95;0.0800908
16;500000;0.95;0.0619438
17;500000;0.95;0.104343
18;500000;0.95;0.0837798
19;500000;0.95;0.0870279
20;500000;0.95;0.366927
21;500000;0.95;0.0754481
22;500000;0.95;0.101366
23;500000;0.95;0.0833214
24;500000;0.95;0.116545
25;500000;0.95;0.0656513
26;500000;0.95;0.0656513
27;500000;0.95;0.0863027
28;500000;0.95;0.0844305
29;500000;0.95;0.101958
30;500000;0.95;0.0763554
31;500000;0.95;0.0917703
32;500000;0.95;0.0650594
33;500000;0.95;0.0815848
34;500000;0.95;0.0577747
35;500000;0.95;0.104874
36;500000;0.95;0.0983319
37;500000;0.95;0.105246
38;500000;0.95;0.0892729
39;500000;0.95;0.0878619
40;500000;0.95;0.108112
41;500000;0.95;0.089738
42;500000;0.95;0.0629018
43;500000;0.95;0.0735169
44;500000;0.95;0.0801727
45;500000;0.95;0.0690565
46;500000;0.95;0.0873402
47;500000;0.95;0.10302
48;500000;0.95;0.0771045
49;500000;0.95;0.0810492
50;500000;0.95;0.1246
51;500000;0.95;0.0962261
52;500000;0.95;0.105042
53;500000;0.95;0.0941633
54;500000;0.95;0.0588271
55;500000;0.95;0.0739299
56;500000;0.95;0.0834325
57;500000;0.95;0.0852251
58;500000;0.95;0.150074
59;500000;0.95;0.0700043
60;500000;0.95;0.0568252
61;500000;0.95;0.0823232
62;500000;0.95;0.0681278
63;500000;0.95;0.0773542
64;500000;0.95;0.0655948
65;500000;0.95;0.0932527
66;500000;0.95;0.100821
67;500000;0.95;0.10025
68;500000;0.95;0.0818409
69;500000;0.95;0.119883
70;500000;0.95;0.0849347
71;500000;0.95;0.0847422
72;500000;0.95;0.10704
73;500000;0.95;0.0864017
74;500000;0.95;0.0799308
75;500000;0.95;0.0806301
76;500000;0.95;0.0901715
77;500000;0.95;0.105756
78;500000;0.95;0.0796788
79;500000;0.95;0.0641864
80;500000;0.95;0.0860652
81;500000;0.95;0.140071
82;500000;0.95;0.0822648
83;500000;0.95;0.0877151
84;500000;0.95;0.0913374
85;500000;0.95;0.0881957
86;500000;0.95;0.0855207
87;500000;0.95;0.0924524
88;500000;0.95;0.0831634
89;500000;0.95;0.0761515
90;500000;0.95;0.0661152
91;500000;0.95;0.0878308
92;500000;0.95;0.0786162
93;500000;0.95;0.0891907
94;500000;0.95;0.0982916
95;500000;0.95;0.0754234
96;500000;0.95;0.0670401
97;500000;0.95;0.0833224
98;500000;0.95;0.0764486
99;500000;0.95;0.0714406
0;500000;0.99;0.0532532
1;500000;0.99;0.0549087
2;500000;0.99;0.0536063
3;500000;0.99;0.0544347
4;500000;0.99;0.0593506
5;500000;0.99;0.0550106
6;500000;0.99;0.058865
7;500000;0.99;0.0537454
8;500000;0.99;0.0554897
9;500000;0.99;0.0528594
10;500000;0.99;0.0527552
11;500000;0.99;0.0527056
12;500000;0.99;0.0546571
13;500000;0.99;0.0550181
14;500000;0.99;0.0531161
15;500000;0.99;0.0546783
16;500000;0.99;0.0546783
17;500000;0.99;0.0502751
18;500000;0.99;0.0601326
19;500000;0.99;0.0569667
20;500000;0.99;0.0562132
21;500000;0.99;0.0555173
22;500000;0.99;0.0582408
23;500000;0.99;0.0553804
24;500000;0.99;0.0561333
25;500000;0.99;0.0552216
26;500000;0.99;0.0534329
27;500000;0.99;0.0592504
28;500000;0.99;0.058443
29;500000;0.99;0.0578028
30;500000;0.99;0.0538942
31;500000;0.99;0.0527622
32;500000;0.99;0.054223
33;500000;0.99;0.0554569
34;500000;0.99;0.0525282
35;500000;0.99;0.053221
36;500000;0.99;0.0603698
37;500000;0.99;0.0515658
38;500000;0.99;0.0586508
39;500000;0.99;0.0522526
40;500000;0.99;0.0538179
41;500000;0.99;0.055445
42;500000;0.99;0.0532213
43;500000;0.99;0.0548899
44;500000;0.99;0.0529795
45;500000;0.99;0.0588771
46;500000;0.99;0.0568428
47;500000;0.99;0.0564722
48;500000;0.99;0.055296
49;500000;0.99;0.052391
50;500000;0.99;0.052835
51;500000;0.99;0.0536953
52;500000;0.99;0.0582076
53;500000;0.99;0.0565688
54;500000;0.99;0.0531647
55;500000;0.99;0.052194
56;500000;0.99;0.0558414
57;500000;0.99;0.0496261
58;500000;0.99;0.0571099
59;500000;0.99;0.0596598
60;500000;0.99;0.0513096
61;500000;0.99;0.0579647
62;500000;0.99;0.0521442
63;500000;0.99;0.0534424
64;500000;0.99;0.0553431
65;500000;0.99;0.0574407
66;500000;0.99;0.0538001
67;500000;0.99;0.0497014
68;500000;0.99;0.051181
69;500000;0.99;0.0597026
70;500000;0.99;0.0556864
71;500000;0.99;0.0558942
72;500000;0.99;0.054313
73;500000;0.99;0.054313
74;500000;0.99;0.0554218
75;500000;0.99;0.0541657
76;500000;0.99;0.0586434
77;500000;0.99;0.0537643
78;500000;0.99;0.0559093
79;500000;0.99;0.0565059
80;500000;0.99;0.0582152
81;500000;0.99;0.0559319
82;500000;0.99;0.0545159
83;500000;0.99;0.0582579
84;500000;0.99;0.0518919
85;500000;0.99;0.0596335
86;500000;0.99;0.0605611
87;500000;0.99;0.0561607
88;500000;0.99;0.0555497
89;500000;0.99;0.0586105
90;500000;0.99;0.0576455
91;500000;0.99;0.0539375
92;500000;0.99;0.0539689
93;500000;0.99;0.0563743
94;500000;0.99;0.0520006
95;500000;0.99;0.0537812
96;500000;0.99;0.0526445
97;500000;0.99;0.0505369
98;500000;0.99;0.0536265
99;500000;0.99;0.0741401
0;500000;0.997;0.0488734
1;500000;0.997;0.0471431
2;500000;0.997;0.0468531
3;500000;0.997;0.0459706
4;500000;0.997;0.0469841
5;500000;0.997;0.0474642
6;500000;0.997;0.0474723
7;500000;0.997;0.0472438
8;500000;0.997;0.0474772
9;500000;0.997;0.0492898
10;500000;0.997;0.0463517
11;500000;0.997;0.04668
12;500000;0.997;0.0475467
13;500000;0.997;0.0469697
14;500000;0.997;0.0477178
15;500000;0.997;0.0463483
16;500000;0.997;0.046833
17;500000;0.997;0.046818
18;500000;0.997;0.0475162
19;500000;0.997;0.0476455
20;500000;0.997;0.0469411
21;500000;0.997;0.0464457
22;500000;0.997;0.0489543
23;500000;0.997;0.0477094
24;500000;0.997;0.0468247
25;500000;0.997;0.0473909
26;500000;0.997;0.0471096
27;500000;0.997;0.0464394
28;500000;0.997;0.0480163
29;500000;0.997;0.0463056
30;500000;0.997;0.0472316
31;500000;0.997;0.0476233
32;500000;0.997;0.0467515
33;500000;0.997;0.0478552
34;500000;0.997;0.0463613
35;500000;0.997;0.0479065
36;500000;0.997;0.0479065
37;500000;0.997;0.0473564
38;500000;0.997;0.0477655
39;500000;0.997;0.0487882
40;500000;0.997;0.047735
41;500000;0.997;0.0467919
42;500000;0.997;0.0464913
43;500000;0.997;0.0479931
44;500000;0.997;0.0480019
45;500000;0.997;0.0467434
46;500000;0.997;0.0485563
47;500000;0.997;0.0478171
48;500000;0.997;0.0468543
49;500000;0.997;0.0469035
50;500000;0.997;0.0475993
51;500000;0.997;0.0467427
52;500000;0.997;0.0467818
53;500000;0.997;0.0471581
54;500000;0.997;0.0471912
55;500000;0.997;0.0471912
56;500000;0.997;0.048081
57;500000;0.997;0.0472606
58;500000;0.997;0.0478234
59;500000;0.997;0.0481611
60;500000;0.997;0.0454722
61;500000;0.997;0.0493665
62;500000;0.997;0.0469283
63;500000;0.997;0.0468742
64;500000;0.997;0.0472106
65;500000;0.997;0.0497978
66;500000;0.997;0.0474787
67;500000;0.997;0.0468745
68;500000;0.997;0.0471781
69;500000;0.997;0.0465078
70;500000;0.997;0.0476229
71;500000;0.997;0.0474531
72;500000;0.997;0.0466138
73;500000;0.997;0.0481536
74;500000;0.997;0.0473763
75;500000;0.997;0.0472511
76;500000;0.997;0.0469756
77;500000;0.997;0.0480633
78;500000;0.997;0.0473856
79;500000;0.997;0.0467637
80;500000;0.997;0.0469151
81;500000;0.997;0.0462212
82;500000;0.997;0.0482342
83;500000;0.997;0.0467525
84;500000;0.997;0.0479968
85;500000;0.997;0.0475351
86;500000;0.997;0.0477341
87;500000;0.997;0.0481812
88;500000;0.997;0.0477901
89;500000;0.997;0.0471004
90;500000;0.997;0.0463972
91;500000;0.997;0.0466064
92;500000;0.997;0.0466064
93;500000;0.997;0.0473454
94;500000;0.997;0.0471176
95;500000;0.997;0.0479063
96;500000;0.997;0.048015
97;500000;0.997;0.0463831
98;500000;0.997;0.0467001
99;500000;0.997;0.0742691
0;1000000;-1;0.0902903
1;1000000;-1;0.0919797
2;1000000;-1;0.0913416
3;1000000;-1;0.0897382
4;1000000;-1;0.0916385
5;1000000;-1;0.0916385
6;1000000;-1;0.0902196
7;1000000;-1;0.0905066
8;1000000;-1;0.0892195
9;1000000;-1;0.0915864
10;1000000;-1;0.0926617
11;1000000;-1;0.0926617
12;1000000;-1;0.0878135
13;1000000;-1;0.0882976
14;1000000;-1;0.0909319
15;1000000;-1;0.0899849
16;1000000;-1;0.0900157
17;1000000;-1;0.0900157
18;1000000;-1;0.0906545
19;1000000;-1;0.0916051
20;1000000;-1;0.0904383
21;1000000;-1;0.0907672
22;1000000;-1;0.0917426
23;1000000;-1;0.08927
24;1000000;-1;0.0888907
25;1000000;-1;0.0905499
26;1000000;-1;0.0892189
27;1000000;-1;0.0913301
28;1000000;-1;0.0905049
29;1000000;-1;0.0904897
30;1000000;-1;0.0887597
31;1000000;-1;0.0901123
32;1000000;-1;0.0894856
33;1000000;-1;0.0903167
34;1000000;-1;0.0892451
35;1000000;-1;0.0895361
36;1000000;-1;0.0909682
37;1000000;-1;0.0897697
38;1000000;-1;0.0906589
39;1000000;-1;0.0906589
40;1000000;-1;0.0912544
41;1000000;-1;0.0911136
42;1000000;-1;0.0921074
43;1000000;-1;0.088781
44;1000000;-1;0.0904818
45;1000000;-1;0.0904818
46;1000000;-1;0.0908047
47;1000000;-1;0.0894761
48;1000000;-1;0.0913309
49;1000000;-1;0.0903274
50;1000000;-1;0.0895885
51;1000000;-1;0.0901807
52;1000000;-1;0.0914526
53;1000000;-1;0.0914369
54;1000000;-1;0.0899549
55;1000000;-1;0.0895897
56;1000000;-1;0.0895897
57;1000000;-1;0.0896092
58;1000000;-1;0.0907572
59;1000000;-1;0.0938529
60;1000000;-1;0.08968
61;1000000;-1;0.0901119
62;1000000;-1;0.0911019
63;1000000;-1;0.0902093
64;1000000;-1;0.0899598
65;1000000;-1;0.0900091
66;1000000;-1;0.0887062
67;1000000;-1;0.0897352
68;1000000;-1;0.09069
69;1000000;-1;0.0892749
70;1000000;-1;0.0905449
71;1000000;-1;0.0897128
72;1000000;-1;0.0907977
73;1000000;-1;0.0892729
74;1000000;-1;0.0886392
75;1000000;-1;0.0889357
76;1000000;-1;0.0929562
77;1000000;-1;0.0929562
78;1000000;-1;0.090975
79;1000000;-1;0.0897895
80;1000000;-1;0.0905976
81;1000000;-1;0.0909743
82;1000000;-1;0.0914363
83;1000000;-1;0.0914363
84;1000000;-1;0.0909954
85;1000000;-1;0.0894068
86;1000000;-1;0.090278
87;1000000;-1;0.0939099
88;1000000;-1;0.0913636
89;1000000;-1;0.0913636
90;1000000;-1;0.0898262
91;1000000;-1;0.0906426
92;1000000;-1;0.0914585
93;1000000;-1;0.0905737
94;1000000;-1;0.0901634
95;1000000;-1;0.0901634
96;1000000;-1;0.091112
97;1000000;-1;0.0900074
98;1000000;-1;0.0912985
99;1000000;-1;0.142979
0;1000000;1;0.14204
1;1000000;1;0.150596
2;1000000;1;0.140815
3;1000000;1;0.140142
4;1000000;1;0.144934
5;1000000;1;0.140265
6;1000000;1;0.142682
7;1000000;1;0.144837
8;1000000;1;0.149918
9;1000000;1;0.142589
10;1000000;1;0.141212
11;1000000;1;0.143229
12;1000000;1;0.14277
13;1000000;1;0.140906
14;1000000;1;0.144862
15;1000000;1;0.178082
16;1000000;1;0.1499
17;1000000;1;0.149919
18;1000000;1;0.139753
19;1000000;1;0.140483
20;1000000;1;0.14535
21;1000000;1;0.141592
22;1000000;1;0.142312
23;1000000;1;0.14577
24;1000000;1;0.142401
25;1000000;1;0.142543
26;1000000;1;0.141712
27;1000000;1;0.145079
28;1000000;1;0.144591
29;1000000;1;0.146366
30;1000000;1;0.150293
31;1000000;1;0.146175
32;1000000;1;0.148435
33;1000000;1;0.147628
34;1000000;1;0.143903
35;1000000;1;0.146553
36;1000000;1;0.140038
37;1000000;1;0.147499
38;1000000;1;0.145457
39;1000000;1;0.149606
40;1000000;1;0.167668
41;1000000;1;0.148925
42;1000000;1;0.142209
43;1000000;1;0.191901
44;1000000;1;0.141115
45;1000000;1;0.147529
46;1000000;1;0.142637
47;1000000;1;0.146851
48;1000000;1;0.145116
49;1000000;1;0.150203
50;1000000;1;0.169311
51;1000000;1;0.139952
52;1000000;1;0.140135
53;1000000;1;0.139802
54;1000000;1;0.145776
55;1000000;1;0.14623
56;1000000;1;0.144294
57;1000000;1;0.143473
58;1000000;1;0.145376
59;1000000;1;0.145156
60;1000000;1;0.143495
61;1000000;1;0.142513
62;1000000;1;0.141928
63;1000000;1;0.150105
64;1000000;1;0.140634
65;1000000;1;0.139741
66;1000000;1;0.140463
67;1000000;1;0.139605
68;1000000;1;0.163684
69;1000000;1;0.14611
70;1000000;1;0.14435
71;1000000;1;0.142405
72;1000000;1;0.255905
73;1000000;1;0.141094
74;1000000;1;0.145991
75;1000000;1;0.147629
76;1000000;1;0.140442
77;1000000;1;0.151765
78;1000000;1;0.14507
79;1000000;1;0.143509
80;1000000;1;0.146049
81;1000000;1;0.142652
82;1000000;1;0.141888
83;1000000;1;0.176191
84;1000000;1;0.138384
85;1000000;1;0.13981
86;1000000;1;0.183405
87;1000000;1;0.152735
88;1000000;1;0.140675
89;1000000;1;0.143484
90;1000000;1;0.157558
91;1000000;1;0.14186
92;1000000;1;0.145259
93;1000000;1;0.142664
94;1000000;1;0.148526
95;1000000;1;0.145494
96;1000000;1;0.149682
97;1000000;1;0.141819
98;1000000;1;0.157221
99;1000000;1;0.148368
0;1000000;0.25;0.137127
1;1000000;0.25;0.143344
2;1000000;0.25;0.138664
3;1000000;0.25;0.13834
4;1000000;0.25;0.137769
5;1000000;0.25;0.139453
6;1000000;0.25;0.136509
7;1000000;0.25;0.141403
8;1000000;0.25;0.143845
9;1000000;0.25;0.142266
10;1000000;0.25;0.140361
11;1000000;0.25;0.140791
12;1000000;0.25;0.141607
13;1000000;0.25;0.136877
14;1000000;0.25;0.137973
15;1000000;0.25;0.145735
16;1000000;0.25;0.137795
17;1000000;0.25;0.140926
18;1000000;0.25;0.138186
19;1000000;0.25;0.136684
20;1000000;0.25;0.143075
21;1000000;0.25;0.138842
22;1000000;0.25;0.150002
23;1000000;0.25;0.13941
24;1000000;0.25;0.150692
25;1000000;0.25;0.175344
26;1000000;0.25;0.137375
27;1000000;0.25;0.137452
28;1000000;0.25;0.136477
29;1000000;0.25;0.138229
30;1000000;0.25;0.13589
31;1000000;0.25;0.13855
32;1000000;0.25;0.145416
33;1000000;0.25;0.139181
34;1000000;0.25;0.136027
35;1000000;0.25;0.160903
36;1000000;0.25;0.14143
37;1000000;0.25;0.136703
38;1000000;0.25;0.140305
39;1000000;0.25;0.137135
40;1000000;0.25;0.140788
41;1000000;0.25;0.149114
42;1000000;0.25;0.137266
43;1000000;0.25;0.137587
44;1000000;0.25;0.139446
45;1000000;0.25;0.13725
46;1000000;0.25;0.137537
47;1000000;0.25;0.141508
48;1000000;0.25;0.136734
49;1000000;0.25;0.135367
50;1000000;0.25;0.140326
51;1000000;0.25;0.13903
52;1000000;0.25;0.144014
53;1000000;0.25;0.14108
54;1000000;0.25;0.14218
55;1000000;0.25;0.146644
56;1000000;0.25;0.137748
57;1000000;0.25;0.138169
58;1000000;0.25;0.139124
59;1000000;0.25;0.138987
60;1000000;0.25;0.137081
61;1000000;0.25;0.14265
62;1000000;0.25;0.144588
63;1000000;0.25;0.140855
64;1000000;0.25;0.137214
65;1000000;0.25;0.139303
66;1000000;0.25;0.136366
67;1000000;0.25;0.170639
68;1000000;0.25;0.14082
69;1000000;0.25;0.135546
70;1000000;0.25;0.137638
71;1000000;0.25;0.135515
72;1000000;0.25;0.146178
73;1000000;0.25;0.149263
74;1000000;0.25;0.136913
75;1000000;0.25;0.144297
76;1000000;0.25;0.138634
77;1000000;0.25;0.138871
78;1000000;0.25;0.14021
79;1000000;0.25;0.138716
80;1000000;0.25;0.138706
81;1000000;0.25;0.14347
82;1000000;0.25;0.142857
83;1000000;0.25;0.135256
84;1000000;0.25;0.136262
85;1000000;0.25;0.140426
86;1000000;0.25;0.139761
87;1000000;0.25;0.14149
88;1000000;0.25;0.13988
89;1000000;0.25;0.136649
90;1000000;0.25;0.148809
91;1000000;0.25;0.139717
92;1000000;0.25;0.1451
93;1000000;0.25;0.143282
94;1000000;0.25;0.13563
95;1000000;0.25;0.144024
96;1000000;0.25;0.138426
97;1000000;0.25;0.139263
98;1000000;0.25;0.137839
99;1000000;0.25;0.142112
0;1000000;0.5;0.137775
1;1000000;0.5;0.505355
2;1000000;0.5;0.258529
3;1000000;0.5;0.296175
4;1000000;0.5;0.741743
5;1000000;0.5;0.23426
6;1000000;0.5;0.188248
7;1000000;0.5;0.386715
8;1000000;0.5;0.469465
9;1000000;0.5;0.154741
10;1000000;0.5;0.150811
11;1000000;0.5;0.350604
12;1000000;0.5;0.197904
13;1000000;0.5;0.368947
14;1000000;0.5;0.810258
15;1000000;0.5;0.139143
16;1000000;0.5;0.175385
17;1000000;0.5;0.566586
18;1000000;0.5;0.184786
19;1000000;0.5;0.182368
20;1000000;0.5;0.311356
21;1000000;0.5;0.378667
22;1000000;0.5;0.771536
23;1000000;0.5;0.140698
24;1000000;0.5;0.141126
25;1000000;0.5;0.640817
26;1000000;0.5;0.197904
27;1000000;0.5;0.129678
28;1000000;0.5;0.417322
29;1000000;0.5;0.455172
30;1000000;0.5;0.512146
31;1000000;0.5;0.147182
32;1000000;0.5;0.507623
33;1000000;0.5;0.444618
34;1000000;0.5;0.188702
35;1000000;0.5;0.145948
36;1000000;0.5;0.45978
37;1000000;0.5;0.282868
38;1000000;0.5;0.160089
39;1000000;0.5;0.151537
40;1000000;0.5;0.225614
41;1000000;0.5;0.351428
42;1000000;0.5;0.238204
43;1000000;0.5;0.138838
44;1000000;0.5;0.152384
45;1000000;0.5;0.138263
46;1000000;0.5;0.454211
47;1000000;0.5;0.138362
48;1000000;0.5;0.214304
49;1000000;0.5;0.480618
50;1000000;0.5;0.654092
51;1000000;0.5;0.233777
52;1000000;0.5;0.451747
53;1000000;0.5;0.233691
54;1000000;0.5;0.200344
55;1000000;0.5;0.212364
56;1000000;0.5;0.314809
57;1000000;0.5;0.150777
58;1000000;0.5;0.134259
59;1000000;0.5;0.518082
60;1000000;0.5;0.230847
61;1000000;0.5;0.5955
62;1000000;0.5;0.224714
63;1000000;0.5;0.508044
64;1000000;0.5;0.26887
65;1000000;0.5;0.160753
66;1000000;0.5;0.699701
67;1000000;0.5;0.547904
68;1000000;0.5;0.329066
69;1000000;0.5;0.533924
70;1000000;0.5;0.317678
71;1000000;0.5;0.591995
72;1000000;0.5;0.47333
73;1000000;0.5;0.386591
74;1000000;0.5;0.224775
75;1000000;0.5;0.139097
76;1000000;0.5;0.810046
77;1000000;0.5;0.405423
78;1000000;0.5;0.129309
79;1000000;0.5;0.40682
80;1000000;0.5;0.144222
81;1000000;0.5;0.723773
82;1000000;0.5;0.39398
83;1000000;0.5;0.543161
84;1000000;0.5;0.636485
85;1000000;0.5;0.553171
86;1000000;0.5;0.239174
87;1000000;0.5;0.227879
88;1000000;0.5;0.190899
89;1000000;0.5;0.144718
90;1000000;0.5;0.38018
91;1000000;0.5;0.2584
92;1000000;0.5;0.608606
93;1000000;0.5;0.146181
94;1000000;0.5;0.656881
95;1000000;0.5;0.324372
96;1000000;0.5;0.264555
97;1000000;0.5;0.167886
98;1000000;0.5;0.129963
99;1000000;0.5;0.142302
0;1000000;0.75;0.116668
1;1000000;0.75;0.116723
2;1000000;0.75;0.11689
3;1000000;0.75;0.113597
4;1000000;0.75;0.135615
5;1000000;0.75;0.123747
6;1000000;0.75;0.113888
7;1000000;0.75;0.115843
8;1000000;0.75;0.116968
9;1000000;0.75;0.115977
10;1000000;0.75;0.113751
11;1000000;0.75;0.11707
12;1000000;0.75;0.11707
13;1000000;0.75;0.116673
14;1000000;0.75;0.115353
15;1000000;0.75;0.11547
16;1000000;0.75;0.115249
17;1000000;0.75;0.115249
18;1000000;0.75;0.120142
19;1000000;0.75;0.117296
20;1000000;0.75;0.113291
21;1000000;0.75;0.115999
22;1000000;0.75;0.117164
23;1000000;0.75;0.113788
24;1000000;0.75;0.120718
25;1000000;0.75;0.114983
26;1000000;0.75;0.136823
27;1000000;0.75;0.117593
28;1000000;0.75;0.115987
29;1000000;0.75;0.113341
30;1000000;0.75;0.113341
31;1000000;0.75;0.115805
32;1000000;0.75;0.115781
33;1000000;0.75;0.117219
34;1000000;0.75;0.115569
35;1000000;0.75;0.115569
36;1000000;0.75;0.115854
37;1000000;0.75;0.113725
38;1000000;0.75;0.115203
39;1000000;0.75;0.117472
40;1000000;0.75;0.115569
41;1000000;0.75;0.114728
42;1000000;0.75;0.114902
43;1000000;0.75;0.115947
44;1000000;0.75;0.116903
45;1000000;0.75;0.115168
46;1000000;0.75;0.115247
47;1000000;0.75;0.114609
48;1000000;0.75;0.114734
49;1000000;0.75;0.118079
50;1000000;0.75;0.115569
51;1000000;0.75;0.117253
52;1000000;0.75;0.115774
53;1000000;0.75;0.115507
54;1000000;0.75;0.116052
55;1000000;0.75;0.116065
56;1000000;0.75;0.117327
57;1000000;0.75;0.115928
58;1000000;0.75;0.1156
59;1000000;0.75;0.113529
60;1000000;0.75;0.117623
61;1000000;0.75;0.115168
62;1000000;0.75;0.115168
63;1000000;0.75;0.114043
64;1000000;0.75;0.12071
65;1000000;0.75;0.113642
66;1000000;0.75;0.115062
67;1000000;0.75;0.115062
68;1000000;0.75;0.114753
69;1000000;0.75;0.116857
70;1000000;0.75;0.114411
71;1000000;0.75;0.11477
72;1000000;0.75;0.11477
73;1000000;0.75;0.114683
74;1000000;0.75;0.114705
75;1000000;0.75;0.117505
76;1000000;0.75;0.113183
77;1000000;0.75;0.11249
78;1000000;0.75;0.112977
79;1000000;0.75;0.112687
80;1000000;0.75;0.117713
81;1000000;0.75;0.117713
82;1000000;0.75;0.117407
83;1000000;0.75;0.119272
84;1000000;0.75;0.114259
85;1000000;0.75;0.125084
86;1000000;0.75;0.121445
87;1000000;0.75;0.115869
88;1000000;0.75;0.115986
89;1000000;0.75;0.122844
90;1000000;0.75;0.117424
91;1000000;0.75;0.114785
92;1000000;0.75;0.115557
93;1000000;0.75;0.115311
94;1000000;0.75;0.115311
95;1000000;0.75;0.119915
96;1000000;0.75;0.11828
97;1000000;0.75;0.114679
98;1000000;0.75;0.114386
99;1000000;0.75;0.145697
0;1000000;0.95;0.26214
1;1000000;0.95;0.282805
2;1000000;0.95;0.259093
3;1000000;0.95;0.199856
4;1000000;0.95;0.186178
5;1000000;0.95;0.216568
6;1000000;0.95;0.237094
7;1000000;0.95;0.221074
8;1000000;0.95;0.123688
9;1000000;0.95;0.163134
10;1000000;0.95;0.29329
11;1000000;0.95;0.240257
12;1000000;0.95;0.230703
13;1000000;0.95;0.156817
14;1000000;0.95;0.171011
15;1000000;0.95;0.238806
16;1000000;0.95;0.181998
17;1000000;0.95;0.234966
18;1000000;0.95;0.262297
19;1000000;0.95;0.262297
20;1000000;0.95;0.232598
21;1000000;0.95;0.168382
22;1000000;0.95;0.337587
23;1000000;0.95;0.241783
24;1000000;0.95;0.262359
25;1000000;0.95;0.206467
26;1000000;0.95;0.297064
27;1000000;0.95;0.246255
28;1000000;0.95;0.265653
29;1000000;0.95;0.298405
30;1000000;0.95;0.219033
31;1000000;0.95;0.159709
32;1000000;0.95;0.240656
33;1000000;0.95;0.161278
34;1000000;0.95;0.356192
35;1000000;0.95;0.266172
36;1000000;0.95;0.334743
37;1000000;0.95;0.197868
38;1000000;0.95;0.222415
39;1000000;0.95;0.152869
40;1000000;0.95;0.312622
41;1000000;0.95;0.254771
42;1000000;0.95;0.194728
43;1000000;0.95;0.154888
44;1000000;0.95;0.242227
45;1000000;0.95;0.388609
46;1000000;0.95;0.156525
47;1000000;0.95;0.58121
48;1000000;0.95;0.320107
49;1000000;0.95;0.211094
50;1000000;0.95;0.262969
51;1000000;0.95;0.273763
52;1000000;0.95;0.16089
53;1000000;0.95;0.214079
54;1000000;0.95;0.223975
55;1000000;0.95;0.251935
56;1000000;0.95;0.199922
57;1000000;0.95;0.298139
58;1000000;0.95;0.247482
59;1000000;0.95;0.157178
60;1000000;0.95;0.258608
61;1000000;0.95;0.320402
62;1000000;0.95;0.316376
63;1000000;0.95;0.216406
64;1000000;0.95;0.363328
65;1000000;0.95;0.154377
66;1000000;0.95;0.165092
67;1000000;0.95;0.225303
68;1000000;0.95;0.251332
69;1000000;0.95;0.202552
70;1000000;0.95;0.151841
71;1000000;0.95;0.211384
72;1000000;0.95;0.190148
73;1000000;0.95;0.257946
74;1000000;0.95;0.226016
75;1000000;0.95;0.174795
76;1000000;0.95;0.253354
77;1000000;0.95;0.157482
78;1000000;0.95;0.232807
79;1000000;0.95;0.224127
80;1000000;0.95;0.197967
81;1000000;0.95;0.184432
82;1000000;0.95;0.285956
83;1000000;0.95;0.299796
84;1000000;0.95;0.274762
85;1000000;0.95;0.176205
86;1000000;0.95;0.231624
87;1000000;0.95;0.286934
88;1000000;0.95;0.237325
89;1000000;0.95;0.207417
90;1000000;0.95;0.198901
91;1000000;0.95;0.231232
92;1000000;0.95;0.206986
93;1000000;0.95;0.260001
94;1000000;0.95;0.539364
95;1000000;0.95;0.291715
96;1000000;0.95;0.223292
97;1000000;0.95;0.314169
98;1000000;0.95;0.257338
99;1000000;0.95;0.142573
0;1000000;0.99;0.126553
1;1000000;0.99;0.126776
2;1000000;0.99;0.116323
3;1000000;0.99;0.114492
4;1000000;0.99;0.112994
5;1000000;0.99;0.125343
6;1000000;0.99;0.118775
7;1000000;0.99;0.108535
8;1000000;0.99;0.130164
9;1000000;0.99;0.144644
10;1000000;0.99;0.101864
11;1000000;0.99;0.118316
12;1000000;0.99;0.12122
13;1000000;0.99;0.133381
14;1000000;0.99;0.119087
15;1000000;0.99;0.123065
16;1000000;0.99;0.135141
17;1000000;0.99;0.137081
18;1000000;0.99;0.143098
19;1000000;0.99;0.114193
20;1000000;0.99;0.12471
21;1000000;0.99;0.118786
22;1000000;0.99;0.11808
23;1000000;0.99;0.141692
24;1000000;0.99;0.106806
25;1000000;0.99;0.113424
26;1000000;0.99;0.129559
27;1000000;0.99;0.113517
28;1000000;0.99;0.116695
29;1000000;0.99;0.151539
30;1000000;0.99;0.145547
31;1000000;0.99;0.136647
32;1000000;0.99;0.136806
33;1000000;0.99;0.120461
34;1000000;0.99;0.116665
35;1000000;0.99;0.124417
36;1000000;0.99;0.13236
37;1000000;0.99;0.118782
38;1000000;0.99;0.127808
39;1000000;0.99;0.128112
40;1000000;0.99;0.127124
41;1000000;0.99;0.123129
42;1000000;0.99;0.120616
43;1000000;0.99;0.127579
44;1000000;0.99;0.114092
45;1000000;0.99;0.115122
46;1000000;0.99;0.116615
47;1000000;0.99;0.118054
48;1000000;0.99;0.142444
49;1000000;0.99;0.111983
50;1000000;0.99;0.127522
51;1000000;0.99;0.129661
52;1000000;0.99;0.10485
53;1000000;0.99;0.102094
54;1000000;0.99;0.117874
55;1000000;0.99;0.128824
56;1000000;0.99;0.12664
57;1000000;0.99;0.132928
58;1000000;0.99;0.126159
59;1000000;0.99;0.11671
60;1000000;0.99;0.0981552
61;1000000;0.99;0.11187
62;1000000;0.99;0.132115
63;1000000;0.99;0.121738
64;1000000;0.99;0.110438
65;1000000;0.99;0.114436
66;1000000;0.99;0.115449
67;1000000;0.99;0.124777
68;1000000;0.99;0.138791
69;1000000;0.99;0.145305
70;1000000;0.99;0.102651
71;1000000;0.99;0.114305
72;1000000;0.99;0.120983
73;1000000;0.99;0.131799
74;1000000;0.99;0.108067
75;1000000;0.99;0.132404
76;1000000;0.99;0.130286
77;1000000;0.99;0.11723
78;1000000;0.99;0.112983
79;1000000;0.99;0.126545
80;1000000;0.99;0.126545
81;1000000;0.99;0.129526
82;1000000;0.99;0.112447
83;1000000;0.99;0.126168
84;1000000;0.99;0.109561
85;1000000;0.99;0.124529
86;1000000;0.99;0.118967
87;1000000;0.99;0.121993
88;1000000;0.99;0.123481
89;1000000;0.99;0.123481
90;1000000;0.99;0.109804
91;1000000;0.99;0.109316
92;1000000;0.99;0.114475
93;1000000;0.99;0.122542
94;1000000;0.99;0.153821
95;1000000;0.99;0.11114
96;1000000;0.99;0.131863
97;1000000;0.99;0.105761
98;1000000;0.99;0.132155
99;1000000;0.99;0.146375
0;1000000;0.997;0.0904866
1;1000000;0.997;0.0888166
2;1000000;0.997;0.0881021
3;1000000;0.997;0.0884811
4;1000000;0.997;0.0886983
5;1000000;0.997;0.0886983
6;1000000;0.997;0.0901586
7;1000000;0.997;0.0889518
8;1000000;0.997;0.0899493
9;1000000;0.997;0.0873883
10;1000000;0.997;0.0886587
11;1000000;0.997;0.0886587
12;1000000;0.997;0.0880929
13;1000000;0.997;0.087636
14;1000000;0.997;0.0875939
15;1000000;0.997;0.088758
16;1000000;0.997;0.088555
17;1000000;0.997;0.0880136
18;1000000;0.997;0.0895336
19;1000000;0.997;0.0897014
20;1000000;0.997;0.0876526
21;1000000;0.997;0.087896
22;1000000;0.997;0.0880136
23;1000000;0.997;0.0880136
24;1000000;0.997;0.0890277
25;1000000;0.997;0.0879295
26;1000000;0.997;0.089713
27;1000000;0.997;0.0885484
28;1000000;0.997;0.0878023
29;1000000;0.997;0.0884508
30;1000000;0.997;0.0894243
31;1000000;0.997;0.0895995
32;1000000;0.997;0.0883322
33;1000000;0.997;0.0876969
34;1000000;0.997;0.0876969
35;1000000;0.997;0.0880691
36;1000000;0.997;0.0884885
37;1000000;0.997;0.0877489
38;1000000;0.997;0.0886618
39;1000000;0.997;0.0891366
40;1000000;0.997;0.0891366
41;1000000;0.997;0.089023
42;1000000;0.997;0.0898206
43;1000000;0.997;0.0871363
44;1000000;0.997;0.0894016
45;1000000;0.997;0.089265
46;1000000;0.997;0.089265
47;1000000;0.997;0.0897914
48;1000000;0.997;0.088394
49;1000000;0.997;0.0876735
50;1000000;0.997;0.0899205
51;1000000;0.997;0.0879995
52;1000000;0.997;0.0892227
53;1000000;0.997;0.0871275
54;1000000;0.997;0.0878553
55;1000000;0.997;0.0911083
56;1000000;0.997;0.0869005
57;1000000;0.997;0.0897575
58;1000000;0.997;0.0881036
59;1000000;0.997;0.0903911
60;1000000;0.997;0.0888552
61;1000000;0.997;0.0894847
62;1000000;0.997;0.0883359
63;1000000;0.997;0.0883359
64;1000000;0.997;0.0911359
65;1000000;0.997;0.08919
66;1000000;0.997;0.0924128
67;1000000;0.997;0.0881053
68;1000000;0.997;0.0882907
69;1000000;0.997;0.0882907
70;1000000;0.997;0.0886228
71;1000000;0.997;0.0877792
72;1000000;0.997;0.0890613
73;1000000;0.997;0.0865113
74;1000000;0.997;0.0875569
75;1000000;0.997;0.0885149
76;1000000;0.997;0.0882526
77;1000000;0.997;0.089386
78;1000000;0.997;0.0863093
79;1000000;0.997;0.0886857
80;1000000;0.997;0.0886857
81;1000000;0.997;0.0880149
82;1000000;0.997;0.0918482
83;1000000;0.997;0.0898335
84;1000000;0.997;0.0902349
85;1000000;0.997;0.0883913
86;1000000;0.997;0.0897309
87;1000000;0.997;0.0903865
88;1000000;0.997;0.0912743
89;1000000;0.997;0.0886237
90;1000000;0.997;0.0893627
91;1000000;0.997;0.0893627
92;1000000;0.997;0.0893849
93;1000000;0.997;0.0879287
94;1000000;0.997;0.0880336
95;1000000;0.997;0.08902
96;1000000;0.997;0.0886001
97;1000000;0.997;0.0891085
98;1000000;0.997;0.0904278
99;1000000;0.997;0.143326