0;10000;-1;0.0015227
1;10000;-1;0.0019705
2;10000;-1;0.0015262
3;10000;-1;0.0015419
4;10000;-1;0.0019251
5;10000;-1;0.0017011
6;10000;-1;0.0015447
7;10000;-1;0.0015624
8;10000;-1;0.0016021
9;10000;-1;0.0015759
10;10000;-1;0.0016876
11;10000;-1;0.0016043
12;10000;-1;0.0015915
13;10000;-1;0.0015438
14;10000;-1;0.0016437
15;10000;-1;0.0015166
16;10000;-1;0.0015693
17;10000;-1;0.0015401
18;10000;-1;0.001669
19;10000;-1;0.0018186
20;10000;-1;0.0015412
21;10000;-1;0.0016602
22;10000;-1;0.0015394
23;10000;-1;0.0015436
24;10000;-1;0.0020472
25;10000;-1;0.0017755
26;10000;-1;0.001597
27;10000;-1;0.0017231
28;10000;-1;0.0016122
29;10000;-1;0.0015324
30;10000;-1;0.0015314
31;10000;-1;0.0015121
32;10000;-1;0.0015108
33;10000;-1;0.0015303
34;10000;-1;0.0016986
35;10000;-1;0.0015189
36;10000;-1;0.0015526
37;10000;-1;0.0015202
38;10000;-1;0.001518
39;10000;-1;0.0015218
40;10000;-1;0.0015693
41;10000;-1;0.0015151
42;10000;-1;0.00152
43;10000;-1;0.0015838
44;10000;-1;0.0015216
45;10000;-1;0.0015494
46;10000;-1;0.001725
47;10000;-1;0.001544
48;10000;-1;0.0015489
49;10000;-1;0.0016821
50;10000;-1;0.0015476
51;10000;-1;0.0015191
52;10000;-1;0.0015459
53;10000;-1;0.0019066
54;10000;-1;0.0015475
55;10000;-1;0.0015201
56;10000;-1;0.0015397
57;10000;-1;0.0016198
58;10000;-1;0.0015683
59;10000;-1;0.001522
60;10000;-1;0.0018018
61;10000;-1;0.00153
62;10000;-1;0.001538
63;10000;-1;0.0015778
64;10000;-1;0.0016451
65;10000;-1;0.0015423
66;10000;-1;0.0016777
67;10000;-1;0.0015388
68;10000;-1;0.0015417
69;10000;-1;0.0015255
70;10000;-1;0.0018309
71;10000;-1;0.0015252
72;10000;-1;0.0015578
73;10000;-1;0.0015202
74;10000;-1;0.0018415
75;10000;-1;0.0016636
76;10000;-1;0.0016168
77;10000;-1;0.0016772
78;10000;-1;0.0020266
79;10000;-1;0.0015666
80;10000;-1;0.0016057
81;10000;-1;0.0015551
82;10000;-1;0.0015511
83;10000;-1;0.0016054
84;10000;-1;0.0016754
85;10000;-1;0.0015359
86;10000;-1;0.0015422
87;10000;-1;0.0018174
88;10000;-1;0.0014959
89;10000;-1;0.0015475
90;10000;-1;0.0015368
91;10000;-1;0.0015423
92;10000;-1;0.0015512
93;10000;-1;0.0015435
94;10000;-1;0.0019937
95;10000;-1;0.00156
96;10000;-1;0.0015513
97;10000;-1;0.0019873
98;10000;-1;0.0015846
99;10000;-1;0.0021822
0;10000;1;0.0022149
1;10000;1;0.0021434
2;10000;1;0.0023331
3;10000;1;0.0024452
4;10000;1;0.003997
5;10000;1;0.0024755
6;10000;1;0.0022476
7;10000;1;0.002178
8;10000;1;0.0022686
9;10000;1;0.0031402
10;10000;1;0.0029603
11;10000;1;0.0021251
12;10000;1;0.0021394
13;10000;1;0.0021686
14;10000;1;0.0024614
15;10000;1;0.0023025
16;10000;1;0.0025508
17;10000;1;0.00213
18;10000;1;0.0024452
19;10000;1;0.0022148
20;10000;1;0.0021342
21;10000;1;0.0026156
22;10000;1;0.0024468
23;10000;1;0.0022477
24;10000;1;0.0022401
25;10000;1;0.0029346
26;10000;1;0.002125
27;10000;1;0.0021213
28;10000;1;0.0022067
29;10000;1;0.0021983
30;10000;1;0.0021279
31;10000;1;0.0021276
32;10000;1;0.0022965
33;10000;1;0.0022623
34;10000;1;0.0021256
35;10000;1;0.0037382
36;10000;1;0.0022148
37;10000;1;0.0021293
38;10000;1;0.0021272
39;10000;1;0.0021236
40;10000;1;0.0021235
41;10000;1;0.0021418
42;10000;1;0.0021245
43;10000;1;0.0022792
44;10000;1;0.0021813
45;10000;1;0.0021336
46;10000;1;0.0021916
47;10000;1;0.002123
48;10000;1;0.0022
49;10000;1;0.0021417
50;10000;1;0.0026662
51;10000;1;0.0021389
52;10000;1;0.0023085
53;10000;1;0.0021259
54;10000;1;0.0022187
55;10000;1;0.0021241
56;10000;1;0.0022129
57;10000;1;0.002122
58;10000;1;0.0021598
59;10000;1;0.0023184
60;10000;1;0.0024196
61;10000;1;0.0024331
62;10000;1;0.0021444
63;10000;1;0.0021239
64;10000;1;0.0021229
65;10000;1;0.0021387
66;10000;1;0.0021228
67;10000;1;0.0021356
68;10000;1;0.0024358
69;10000;1;0.0021906
70;10000;1;0.0021426
71;10000;1;0.0021283
72;10000;1;0.0028715
73;10000;1;0.0021239
74;10000;1;0.0022944
75;10000;1;0.0021339
76;10000;1;0.0021242
77;10000;1;0.00212
78;10000;1;0.0021242
79;10000;1;0.0022533
80;10000;1;0.0023554
81;10000;1;0.0022348
82;10000;1;0.0021894
83;10000;1;0.0022953
84;10000;1;0.0021246
85;10000;1;0.0021254
86;10000;1;0.0021687
87;10000;1;0.0022238
88;10000;1;0.0025728
89;10000;1;0.002122
90;10000;1;0.0021178
91;10000;1;0.0021939
92;10000;1;0.0021257
93;10000;1;0.0021386
94;10000;1;0.0021215
95;10000;1;0.0021252
96;10000;1;0.0021457
97;10000;1;0.0021256
98;10000;1;0.0021209
99;10000;1;0.0021246
0;10000;0.25;0.0020855
1;10000;0.25;0.0020495
2;10000;0.25;0.0062028
3;10000;0.25;0.0020788
4;10000;0.25;0.0022798
5;10000;0.25;0.002016
6;10000;0.25;0.002001
7;10000;0.25;0.0020012
8;10000;0.25;0.002048
9;10000;0.25;0.0022214
10;10000;0.25;0.0020122
11;10000;0.25;0.0020686
12;10000;0.25;0.0026904
13;10000;0.25;0.0023422
14;10000;0.25;0.0055642
15;10000;0.25;0.0034188
16;10000;0.25;0.0033598
17;10000;0.25;0.0020269
18;10000;0.25;0.0020401
19;10000;0.25;0.0020224
20;10000;0.25;0.0020981
21;10000;0.25;0.0024518
22;10000;0.25;0.0022777
23;10000;0.25;0.0020215
24;10000;0.25;0.0020438
25;10000;0.25;0.0032957
26;10000;0.25;0.0020285
27;10000;0.25;0.0021696
28;10000;0.25;0.0022851
29;10000;0.25;0.0021944
30;10000;0.25;0.0021368
31;10000;0.25;0.0023273
32;10000;0.25;0.002064
33;10000;0.25;0.0022727
34;10000;0.25;0.0024735
35;10000;0.25;0.0037128
36;10000;0.25;0.0030799
37;10000;0.25;0.0020104
38;10000;0.25;0.0020451
39;10000;0.25;0.0022707
40;10000;0.25;0.0031212
41;10000;0.25;0.00225
42;10000;0.25;0.0020693
43;10000;0.25;0.0019901
44;10000;0.25;0.0029724
45;10000;0.25;0.0019919
46;10000;0.25;0.0025072
47;10000;0.25;0.0019961
48;10000;0.25;0.0020761
49;10000;0.25;0.0020124
50;10000;0.25;0.0019889
51;10000;0.25;0.0020846
52;10000;0.25;0.0021736
53;10000;0.25;0.0019934
54;10000;0.25;0.0021552
55;10000;0.25;0.0020522
56;10000;0.25;0.001985
57;10000;0.25;0.0019882
58;10000;0.25;0.00208
59;10000;0.25;0.0020367
60;10000;0.25;0.0020978
61;10000;0.25;0.001991
62;10000;0.25;0.0020866
63;10000;0.25;0.0021024
64;10000;0.25;0.0020058
65;10000;0.25;0.0020308
66;10000;0.25;0.0020856
67;10000;0.25;0.0020226
68;10000;0.25;0.0024228
69;10000;0.25;0.0021484
70;10000;0.25;0.0023867
71;10000;0.25;0.0020009
72;10000;0.25;0.0020311
73;10000;0.25;0.0021259
74;10000;0.25;0.0021826
75;10000;0.25;0.0021741
76;10000;0.25;0.0019873
77;10000;0.25;0.0022364
78;10000;0.25;0.0022005
79;10000;0.25;0.0020551
80;10000;0.25;0.001993
81;10000;0.25;0.0021774
82;10000;0.25;0.0020707
83;10000;0.25;0.0020277
84;10000;0.25;0.0020747
85;10000;0.25;0.0019934
86;10000;0.25;0.0023988
87;10000;0.25;0.0020307
88;10000;0.25;0.0021873
89;10000;0.25;0.0019868
90;10000;0.25;0.0020448
91;10000;0.25;0.0019887
92;10000;0.25;0.0020572
93;10000;0.25;0.0019907
94;10000;0.25;0.0020559
95;10000;0.25;0.0019877
96;10000;0.25;0.0020265
97;10000;0.25;0.0020128
98;10000;0.25;0.0022806
99;10000;0.25;0.0021544
0;10000;0.5;0.0018926
1;10000;0.5;0.0019643
2;10000;0.5;0.0020401
3;10000;0.5;0.002201
4;10000;0.5;0.0018448
5;10000;0.5;0.00199
6;10000;0.5;0.0020974
7;10000;0.5;0.0018391
8;10000;0.5;0.0019135
9;10000;0.5;0.0018887
10;10000;0.5;0.0019581
11;10000;0.5;0.0019997
12;10000;0.5;0.0020416
13;10000;0.5;0.001998
14;10000;0.5;0.0019243
15;10000;0.5;0.0024105
16;10000;0.5;0.0021731
17;10000;0.5;0.0018999
18;10000;0.5;0.0019822
19;10000;0.5;0.0018912
20;10000;0.5;0.0019109
21;10000;0.5;0.0019983
22;10000;0.5;0.002118
23;10000;0.5;0.0019033
24;10000;0.5;0.0019161
25;10000;0.5;0.0018306
26;10000;0.5;0.0021369
27;10000;0.5;0.0024777
28;10000;0.5;0.0019323
29;10000;0.5;0.0019423
30;10000;0.5;0.0018826
31;10000;0.5;0.0019926
32;10000;0.5;0.0019387
33;10000;0.5;0.0019688
34;10000;0.5;0.0021809
35;10000;0.5;0.0019463
36;10000;0.5;0.0018572
37;10000;0.5;0.0019864
38;10000;0.5;0.0018132
39;10000;0.5;0.0020557
40;10000;0.5;0.0020159
41;10000;0.5;0.0020458
42;10000;0.5;0.0022148
43;10000;0.5;0.0023365
44;10000;0.5;0.0024027
45;10000;0.5;0.0026193
46;10000;0.5;0.0022305
47;10000;0.5;0.0028609
48;10000;0.5;0.0020989
49;10000;0.5;0.0021067
50;10000;0.5;0.0018532
51;10000;0.5;0.0023931
52;10000;0.5;0.0022653
53;10000;0.5;0.0026886
54;10000;0.5;0.002299
55;10000;0.5;0.002291
56;10000;0.5;0.003036
57;10000;0.5;0.0025347
58;10000;0.5;0.0023632
59;10000;0.5;0.0019544
60;10000;0.5;0.002085
61;10000;0.5;0.0019709
62;10000;0.5;0.0018788
63;10000;0.5;0.0019096
64;10000;0.5;0.0020313
65;10000;0.5;0.002057
66;10000;0.5;0.0019524
67;10000;0.5;0.0018718
68;10000;0.5;0.0018889
69;10000;0.5;0.0020528
70;10000;0.5;0.0020533
71;10000;0.5;0.001895
72;10000;0.5;0.0020317
73;10000;0.5;0.0020165
74;10000;0.5;0.002025
75;10000;0.5;0.0020196
76;10000;0.5;0.0023242
77;10000;0.5;0.0021458
78;10000;0.5;0.0020014
79;10000;0.5;0.0020368
80;10000;0.5;0.0018948
81;10000;0.5;0.0025713
82;10000;0.5;0.0018895
83;10000;0.5;0.0019622
84;10000;0.5;0.0024635
85;10000;0.5;0.0018999
86;10000;0.5;0.0019118
87;10000;0.5;0.0022963
88;10000;0.5;0.0018768
89;10000;0.5;0.001902
90;10000;0.5;0.0018273
91;10000;0.5;0.0022657
92;10000;0.5;0.0019743
93;10000;0.5;0.0019839
94;10000;0.5;0.0024683
95;10000;0.5;0.0018797
96;10000;0.5;0.0018395
97;10000;0.5;0.0024261
98;10000;0.5;0.0021039
99;10000;0.5;0.0022606
0;10000;0.75;0.001651
1;10000;0.75;0.0016554
2;10000;0.75;0.0016615
3;10000;0.75;0.0017654
4;10000;0.75;0.00167
5;10000;0.75;0.0017018
6;10000;0.75;0.0016827
7;10000;0.75;0.0017739
8;10000;0.75;0.0019762
9;10000;0.75;0.0017462
10;10000;0.75;0.0017409
11;10000;0.75;0.0017916
12;10000;0.75;0.001718
13;10000;0.75;0.0017223
14;10000;0.75;0.0016608
15;10000;0.75;0.0017042
16;10000;0.75;0.0017314
17;10000;0.75;0.0018762
18;10000;0.75;0.0021659
19;10000;0.75;0.0026746
20;10000;0.75;0.0021517
21;10000;0.75;0.0019684
22;10000;0.75;0.0021304
23;10000;0.75;0.0021529
24;10000;0.75;0.0018624
25;10000;0.75;0.0018826
26;10000;0.75;0.0016832
27;10000;0.75;0.0018021
28;10000;0.75;0.0018183
29;10000;0.75;0.0017011
30;10000;0.75;0.0017074
31;10000;0.75;0.0018999
32;10000;0.75;0.002279
33;10000;0.75;0.0017068
34;10000;0.75;0.001675
35;10000;0.75;0.0016771
36;10000;0.75;0.0018135
37;10000;0.75;0.0017278
38;10000;0.75;0.0017731
39;10000;0.75;0.0021049
40;10000;0.75;0.0017635
41;10000;0.75;0.0017078
42;10000;0.75;0.00169
43;10000;0.75;0.0024904
44;10000;0.75;0.0017044
45;10000;0.75;0.0018723
46;10000;0.75;0.00255
47;10000;0.75;0.0018247
48;10000;0.75;0.0017717
49;10000;0.75;0.0016647
50;10000;0.75;0.0016734
51;10000;0.75;0.0016516
52;10000;0.75;0.0016485
53;10000;0.75;0.0016538
54;10000;0.75;0.0016508
55;10000;0.75;0.001658
56;10000;0.75;0.0016614
57;10000;0.75;0.0016911
58;10000;0.75;0.0016547
59;10000;0.75;0.0016602
60;10000;0.75;0.0017662
61;10000;0.75;0.0017314
62;10000;0.75;0.0016971
63;10000;0.75;0.0017768
64;10000;0.75;0.0016796
65;10000;0.75;0.0018395
66;10000;0.75;0.0016786
67;10000;0.75;0.0017011
68;10000;0.75;0.0016636
69;10000;0.75;0.001672
70;10000;0.75;0.0018892
71;10000;0.75;0.0017118
72;10000;0.75;0.0019304
73;10000;0.75;0.0017427
74;10000;0.75;0.0019572
75;10000;0.75;0.0017565
76;10000;0.75;0.0018893
77;10000;0.75;0.0018409
78;10000;0.75;0.0019155
79;10000;0.75;0.0017971
80;10000;0.75;0.0017785
81;10000;0.75;0.0017781
82;10000;0.75;0.0017204
83;10000;0.75;0.0018805
84;10000;0.75;0.0019038
85;10000;0.75;0.0019694
86;10000;0.75;0.00192
87;10000;0.75;0.0017862
88;10000;0.75;0.0018522
89;10000;0.75;0.0021762
90;10000;0.75;0.0018683
91;10000;0.75;0.0017678
92;10000;0.75;0.0017046
93;10000;0.75;0.0018784
94;10000;0.75;0.0018556
95;10000;0.75;0.0017407
96;10000;0.75;0.0019123
97;10000;0.75;0.0018051
98;10000;0.75;0.0016834
99;10000;0.75;0.0028402
0;10000;0.95;0.0015801
1;10000;0.95;0.0017749
2;10000;0.95;0.0015955
3;10000;0.95;0.0016378
4;10000;0.95;0.0016242
5;10000;0.95;0.0015893
6;10000;0.95;0.001568
7;10000;0.95;0.0016299
8;10000;0.95;0.0017614
9;10000;0.95;0.0016221
10;10000;0.95;0.0017028
11;10000;0.95;0.001571
12;10000;0.95;0.0017756
13;10000;0.95;0.0016756
14;10000;0.95;0.0018803
15;10000;0.95;0.0016435
16;10000;0.95;0.0016055
17;10000;0.95;0.0016774
18;10000;0.95;0.0015553
19;10000;0.95;0.0017657
20;10000;0.95;0.0017904
21;10000;0.95;0.0017079
22;10000;0.95;0.0016204
23;10000;0.95;0.0016234
24;10000;0.95;0.0016703
25;10000;0.95;0.0015975
26;10000;0.95;0.001527
27;10000;0.95;0.001703
28;10000;0.95;0.0015212
29;10000;0.95;0.0021178
30;10000;0.95;0.00152
31;10000;0.95;0.0015475
32;10000;0.95;0.0015215
33;10000;0.95;0.0016193
34;10000;0.95;0.0015289
35;10000;0.95;0.0015394
36;10000;0.95;0.0015244
37;10000;0.95;0.0015255
38;10000;0.95;0.0015529
39;10000;0.95;0.0015174
40;10000;0.95;0.0017019
41;10000;0.95;0.0015195
42;10000;0.95;0.0015189
43;10000;0.95;0.0015213
44;10000;0.95;0.0015161
45;10000;0.95;0.0015455
46;10000;0.95;0.0015248
47;10000;0.95;0.0015254
48;10000;0.95;0.0015314
49;10000;0.95;0.0015497
50;10000;0.95;0.0015176
51;10000;0.95;0.0015803
52;10000;0.95;0.0015308
53;10000;0.95;0.0015263
54;10000;0.95;0.0015653
55;10000;0.95;0.0018119
56;10000;0.95;0.0015862
57;10000;0.95;0.0020503
58;10000;0.95;0.0016108
59;10000;0.95;0.0015752
60;10000;0.95;0.0015507
61;10000;0.95;0.0015485
62;10000;0.95;0.001718
63;10000;0.95;0.001555
64;10000;0.95;0.0018848
65;10000;0.95;0.0015421
66;10000;0.95;0.0015387
67;10000;0.95;0.0016133
68;10000;0.95;0.0015261
69;10000;0.95;0.0015315
70;10000;0.95;0.001836
71;10000;0.95;0.0015366
72;10000;0.95;0.0021212
73;10000;0.95;0.0015371
74;10000;0.95;0.0015216
75;10000;0.95;0.0016197
76;10000;0.95;0.0017122
77;10000;0.95;0.001641
78;10000;0.95;0.0015153
79;10000;0.95;0.001536
80;10000;0.95;0.0015928
81;10000;0.95;0.0015163
82;10000;0.95;0.0016572
83;10000;0.95;0.0015161
84;10000;0.95;0.0015182
85;10000;0.95;0.0015183
86;10000;0.95;0.0015135
87;10000;0.95;0.0015349
88;10000;0.95;0.0018915
89;10000;0.95;0.0016093
90;10000;0.95;0.0016512
91;10000;0.95;0.0015145
92;10000;0.95;0.0015395
93;10000;0.95;0.001524
94;10000;0.95;0.0015147
95;10000;0.95;0.0016968
96;10000;0.95;0.0015169
97;10000;0.95;0.0015312
98;10000;0.95;0.00152
99;10000;0.95;0.0024619
0;10000;0.99;0.0015361
1;10000;0.99;0.0015624
2;10000;0.99;0.0015293
3;10000;0.99;0.0016333
4;10000;0.99;0.0015151
5;10000;0.99;0.0018835
6;10000;0.99;0.0016141
7;10000;0.99;0.0015958
8;10000;0.99;0.0014721
9;10000;0.99;0.0015287
10;10000;0.99;0.0016862
11;10000;0.99;0.0015279
12;10000;0.99;0.0018779
13;10000;0.99;0.0015409
14;10000;0.99;0.0015148
15;10000;0.99;0.0021028
16;10000;0.99;0.0014891
17;10000;0.99;0.0017994
18;10000;0.99;0.0015924
19;10000;0.99;0.0018793
20;10000;0.99;0.0015224
21;10000;0.99;0.0015382
22;10000;0.99;0.0016213
23;10000;0.99;0.0015606
24;10000;0.99;0.0015509
25;10000;0.99;0.0015892
26;10000;0.99;0.0015679
27;10000;0.99;0.0017541
28;10000;0.99;0.001712
29;10000;0.99;0.0017188
30;10000;0.99;0.001526
31;10000;0.99;0.0015649
32;10000;0.99;0.001528
33;10000;0.99;0.0015521
34;10000;0.99;0.001729
35;10000;0.99;0.0018906
36;10000;0.99;0.0017206
37;10000;0.99;0.0015614
38;10000;0.99;0.0016054
39;10000;0.99;0.0015276
40;10000;0.99;0.001503
41;10000;0.99;0.0014987
42;10000;0.99;0.0016939
43;10000;0.99;0.0014951
44;10000;0.99;0.0015559
45;10000;0.99;0.0015181
46;10000;0.99;0.0015346
47;10000;0.99;0.0014891
48;10000;0.99;0.0014948
49;10000;0.99;0.0015009
50;10000;0.99;0.0015191
51;10000;0.99;0.0022296
52;10000;0.99;0.0014948
53;10000;0.99;0.001533
54;10000;0.99;0.0014918
55;10000;0.99;0.0015027
56;10000;0.99;0.0015648
57;10000;0.99;0.0014881
58;10000;0.99;0.001819
59;10000;0.99;0.0016336
60;10000;0.99;0.0016201
61;10000;0.99;0.0015111
62;10000;0.99;0.0015258
63;10000;0.99;0.0016019
64;10000;0.99;0.0015502
65;10000;0.99;0.001659
66;10000;0.99;0.0015773
67;10000;0.99;0.0015287
68;10000;0.99;0.0015363
69;10000;0.99;0.0015645
70;10000;0.99;0.0015304
71;10000;0.99;0.001584
72;10000;0.99;0.0015859
73;10000;0.99;0.0015461
74;10000;0.99;0.0017163
75;10000;0.99;0.0016186
76;10000;0.99;0.0016309
77;10000;0.99;0.0016572
78;10000;0.99;0.0015184
79;10000;0.99;0.0015312
80;10000;0.99;0.0015296
81;10000;0.99;0.0015449
82;10000;0.99;0.0015047
83;10000;0.99;0.0015695
84;10000;0.99;0.0015436
85;10000;0.99;0.0015981
86;10000;0.99;0.0015692
87;10000;0.99;0.0019327
88;10000;0.99;0.0016722
89;10000;0.99;0.0017543
90;10000;0.99;0.0015932
91;10000;0.99;0.0015774
92;10000;0.99;0.0015792
93;10000;0.99;0.0021136
94;10000;0.99;0.0015997
95;10000;0.99;0.0016089
96;10000;0.99;0.0015486
97;10000;0.99;0.0017566
98;10000;0.99;0.001773
99;10000;0.99;0.0028068
0;10000;0.997;0.0015199
1;10000;0.997;0.001565
2;10000;0.997;0.0015255
3;10000;0.997;0.0014802
4;10000;0.997;0.001621
5;10000;0.997;0.0017112
6;10000;0.997;0.0015716
7;10000;0.997;0.0020136
8;10000;0.997;0.0015739
9;10000;0.997;0.0015529
10;10000;0.997;0.0016362
11;10000;0.997;0.0017858
12;10000;0.997;0.0015073
13;10000;0.997;0.0015419
14;10000;0.997;0.0015897
15;10000;0.997;0.0015334
16;10000;0.997;0.0015027
17;10000;0.997;0.0015308
18;10000;0.997;0.0015635
19;10000;0.997;0.0018061
20;10000;0.997;0.0016335
21;10000;0.997;0.0015285
22;10000;0.997;0.0015759
23;10000;0.997;0.0015229
24;10000;0.997;0.0015518
25;10000;0.997;0.0016258
26;10000;0.997;0.0015471
27;10000;0.997;0.0017602
28;10000;0.997;0.001511
29;10000;0.997;0.0015653
30;10000;0.997;0.0015596
31;10000;0.997;0.0015249
32;10000;0.997;0.0016234
33;10000;0.997;0.0016454
34;10000;0.997;0.0016678
35;10000;0.997;0.0015888
36;10000;0.997;0.0018076
37;10000;0.997;0.0016128
38;10000;0.997;0.0016724
39;10000;0.997;0.0015535
40;10000;0.997;0.0017224
41;10000;0.997;0.0016683
42;10000;0.997;0.0015445
43;10000;0.997;0.0019146
44;10000;0.997;0.0015341
45;10000;0.997;0.0018592
46;10000;0.997;0.0016092
47;10000;0.997;0.0014738
48;10000;0.997;0.0015244
49;10000;0.997;0.0018246
50;10000;0.997;0.0015918
51;10000;0.997;0.0019228
52;10000;0.997;0.0015412
53;10000;0.997;0.0015609
54;10000;0.997;0.0015888
55;10000;0.997;0.0015171
56;10000;0.997;0.0015154
57;10000;0.997;0.001681
58;10000;0.997;0.0015426
59;10000;0.997;0.0015739
60;10000;0.997;0.0015862
61;10000;0.997;0.0015986
62;10000;0.997;0.0016314
63;10000;0.997;0.0015695
64;10000;0.997;0.0016758
65;10000;0.997;0.0016394
66;10000;0.997;0.0015708
67;10000;0.997;0.001552
68;10000;0.997;0.0017376
69;10000;0.997;0.0016469
70;10000;0.997;0.0016086
71;10000;0.997;0.0016292
72;10000;0.997;0.0016934
73;10000;0.997;0.0016807
74;10000;0.997;0.0015118
75;10000;0.997;0.0015332
76;10000;0.997;0.0015244
77;10000;0.997;0.0015206
78;10000;0.997;0.0015493
79;10000;0.997;0.0015167
80;10000;0.997;0.0015547
81;10000;0.997;0.0015236
82;10000;0.997;0.0015052
83;10000;0.997;0.0016477
84;10000;0.997;0.0015582
85;10000;0.997;0.001536
86;10000;0.997;0.0015176
87;10000;0.997;0.0015473
88;10000;0.997;0.0016187
89;10000;0.997;0.0015493
90;10000;0.997;0.0015228
91;10000;0.997;0.0015108
92;10000;0.997;0.0015163
93;10000;0.997;0.0016164
94;10000;0.997;0.0017074
95;10000;0.997;0.0015057
96;10000;0.997;0.0016966
97;10000;0.997;0.0015024
98;10000;0.997;0.0015696
99;10000;0.997;0.0023291
0;50000;-1;0.0086807
1;50000;-1;0.0085507
2;50000;-1;0.0089484
3;50000;-1;0.0094312
4;50000;-1;0.0089308
5;50000;-1;0.0088873
6;50000;-1;0.0086784
7;50000;-1;0.0103516
8;50000;-1;0.0094535
9;50000;-1;0.0092242
10;50000;-1;0.0091825
11;50000;-1;0.0087965
12;50000;-1;0.0102032
13;50000;-1;0.0090508
14;50000;-1;0.0097226
15;50000;-1;0.0101079
16;50000;-1;0.0095918
17;50000;-1;0.0093594
18;50000;-1;0.010038
19;50000;-1;0.0103152
20;50000;-1;0.0097742
21;50000;-1;0.0093806
22;50000;-1;0.0085377
23;50000;-1;0.0086216
24;50000;-1;0.0088362
25;50000;-1;0.0097726
26;50000;-1;0.0091274
27;50000;-1;0.0087287
28;50000;-1;0.0093824
29;50000;-1;0.0091764
30;50000;-1;0.009774
31;50000;-1;0.0088692
32;50000;-1;0.0093794
33;50000;-1;0.0094836
34;50000;-1;0.0094982
35;50000;-1;0.0110861
36;50000;-1;0.0092534
37;50000;-1;0.0093232
38;50000;-1;0.0113369
39;50000;-1;0.0096415
40;50000;-1;0.008799
41;50000;-1;0.0089382
42;50000;-1;0.0090161
43;50000;-1;0.0092399
44;50000;-1;0.0092307
45;50000;-1;0.0085096
46;50000;-1;0.0088559
47;50000;-1;0.0091075
48;50000;-1;0.0089596
49;50000;-1;0.008495
50;50000;-1;0.0086364
51;50000;-1;0.0087745
52;50000;-1;0.0089127
53;50000;-1;0.0104371
54;50000;-1;0.0089087
55;50000;-1;0.0086437
56;50000;-1;0.0088579
57;50000;-1;0.0094293
58;50000;-1;0.0088145
59;50000;-1;0.0092683
60;50000;-1;0.0090335
61;50000;-1;0.0095618
62;50000;-1;0.0093684
63;50000;-1;0.0090124
64;50000;-1;0.0109831
65;50000;-1;0.0085626
66;50000;-1;0.0085596
67;50000;-1;0.0085247
68;50000;-1;0.0085392
69;50000;-1;0.0085326
70;50000;-1;0.0089507
71;50000;-1;0.0086339
72;50000;-1;0.0086646
73;50000;-1;0.0090466
74;50000;-1;0.0090621
75;50000;-1;0.0094298
76;50000;-1;0.0091052
77;50000;-1;0.0090248
78;50000;-1;0.009041
79;50000;-1;0.0095335
80;50000;-1;0.0092142
81;50000;-1;0.0096773
82;50000;-1;0.0090575
83;50000;-1;0.0090243
84;50000;-1;0.0086867
85;50000;-1;0.0090248
86;50000;-1;0.0089007
87;50000;-1;0.0088322
88;50000;-1;0.0088149
89;50000;-1;0.0089566
90;50000;-1;0.0092343
91;50000;-1;0.0088858
92;50000;-1;0.0088455
93;50000;-1;0.0087546
94;50000;-1;0.0089729
95;50000;-1;0.0089252
96;50000;-1;0.0087573
97;50000;-1;0.0097788
98;50000;-1;0.0092912
99;50000;-1;0.0127947
0;50000;1;0.0127139
1;50000;1;0.0128433
2;50000;1;0.0127124
3;50000;1;0.0125471
4;50000;1;0.0129083
5;50000;1;0.0119112
6;50000;1;0.0120172
7;50000;1;0.0121041
8;50000;1;0.0122607
9;50000;1;0.0123798
10;50000;1;0.0120762
11;50000;1;0.0128706
12;50000;1;0.0125384
13;50000;1;0.0120625
14;50000;1;0.012249
15;50000;1;0.0126422
16;50000;1;0.012237
17;50000;1;0.0125487
18;50000;1;0.0125735
19;50000;1;0.012315
20;50000;1;0.0121888
21;50000;1;0.0125903
22;50000;1;0.0127168
23;50000;1;0.0122921
24;50000;1;0.0122696
25;50000;1;0.0120245
26;50000;1;0.0126614
27;50000;1;0.0120089
28;50000;1;0.012176
29;50000;1;0.0119011
30;50000;1;0.0129981
31;50000;1;0.0122017
32;50000;1;0.0122069
33;50000;1;0.0121857
34;50000;1;0.0123754
35;50000;1;0.0119371
36;50000;1;0.0123312
37;50000;1;0.0123727
38;50000;1;0.0119296
39;50000;1;0.0119188
40;50000;1;0.0119086
41;50000;1;0.0123363
42;50000;1;0.0124607
43;50000;1;0.0124077
44;50000;1;0.0122304
45;50000;1;0.012145
46;50000;1;0.0126419
47;50000;1;0.011763
48;50000;1;0.0122867
49;50000;1;0.0121593
50;50000;1;0.0121307
51;50000;1;0.0119088
52;50000;1;0.0119043
53;50000;1;0.0118847
54;50000;1;0.0122385
55;50000;1;0.0123275
56;50000;1;0.0124578
57;50000;1;0.0120316
58;50000;1;0.0123945
59;50000;1;0.0120445
60;50000;1;0.0123762
61;50000;1;0.012125
62;50000;1;0.0121478
63;50000;1;0.0117121
64;50000;1;0.0119847
65;50000;1;0.0117864
66;50000;1;0.0118461
67;50000;1;0.0117272
68;50000;1;0.0123151
69;50000;1;0.0123207
70;50000;1;0.0117446
71;50000;1;0.0121309
72;50000;1;0.0118674
73;50000;1;0.0122874
74;50000;1;0.0116965
75;50000;1;0.012262
76;50000;1;0.0118097
77;50000;1;0.012093
78;50000;1;0.0118252
79;50000;1;0.0125072
80;50000;1;0.012295
81;50000;1;0.0120008
82;50000;1;0.0116681
83;50000;1;0.01233
84;50000;1;0.0120098
85;50000;1;0.0125196
86;50000;1;0.0124114
87;50000;1;0.0119261
88;50000;1;0.0123005
89;50000;1;0.0116076
90;50000;1;0.0124034
91;50000;1;0.0120239
92;50000;1;0.0121447
93;50000;1;0.011851
94;50000;1;0.0127989
95;50000;1;0.0126657
96;50000;1;0.01225
97;50000;1;0.0119499
98;50000;1;0.0125968
99;50000;1;0.011949
0;50000;0.25;0.0112914
1;50000;0.25;0.0116197
2;50000;0.25;0.0111876
3;50000;0.25;0.0112527
4;50000;0.25;0.0109199
5;50000;0.25;0.0117327
6;50000;0.25;0.0116123
7;50000;0.25;0.0111314
8;50000;0.25;0.0111194
9;50000;0.25;0.0112029
10;50000;0.25;0.0124378
11;50000;0.25;0.0112753
12;50000;0.25;0.0109716
13;50000;0.25;0.0116094
14;50000;0.25;0.0112253
15;50000;0.25;0.011513
16;50000;0.25;0.0114113
17;50000;0.25;0.0117643
18;50000;0.25;0.0113935
19;50000;0.25;0.0114941
20;50000;0.25;0.0116588
21;50000;0.25;0.0118036
22;50000;0.25;0.0113054
23;50000;0.25;0.0113433
24;50000;0.25;0.0114886
25;50000;0.25;0.0109413
26;50000;0.25;0.0112331
27;50000;0.25;0.0108255
28;50000;0.25;0.0113246
29;50000;0.25;0.0110054
30;50000;0.25;0.0111382
31;50000;0.25;0.0111996
32;50000;0.25;0.0114438
33;50000;0.25;0.0110689
34;50000;0.25;0.0114534
35;50000;0.25;0.0112337
36;50000;0.25;0.0113562
37;50000;0.25;0.0113871
38;50000;0.25;0.0114791
39;50000;0.25;0.0116448
40;50000;0.25;0.0112472
41;50000;0.25;0.0114317
42;50000;0.25;0.0118532
43;50000;0.25;0.0116069
44;50000;0.25;0.0114711
45;50000;0.25;0.0119271
46;50000;0.25;0.0118063
47;50000;0.25;0.0120256
48;50000;0.25;0.0113309
49;50000;0.25;0.0110931
50;50000;0.25;0.0109707
51;50000;0.25;0.0109938
52;50000;0.25;0.0115935
53;50000;0.25;0.0113178
54;50000;0.25;0.0111952
55;50000;0.25;0.0111636
56;50000;0.25;0.0118534
57;50000;0.25;0.0113924
58;50000;0.25;0.0111958
59;50000;0.25;0.0110811
60;50000;0.25;0.0113903
61;50000;0.25;0.0110216
62;50000;0.25;0.0114128
63;50000;0.25;0.0111597
64;50000;0.25;0.0115604
65;50000;0.25;0.0111572
66;50000;0.25;0.0116701
67;50000;0.25;0.011119
68;50000;0.25;0.0114893
69;50000;0.25;0.0111878
70;50000;0.25;0.0119329
71;50000;0.25;0.0113318
72;50000;0.25;0.0114803
73;50000;0.25;0.0113585
74;50000;0.25;0.0109942
75;50000;0.25;0.0113223
76;50000;0.25;0.0114725
77;50000;0.25;0.0113384
78;50000;0.25;0.011164
79;50000;0.25;0.0117005
80;50000;0.25;0.0109737
81;50000;0.25;0.0115229
82;50000;0.25;0.0111078
83;50000;0.25;0.0114708
84;50000;0.25;0.0114427
85;50000;0.25;0.0112744
86;50000;0.25;0.0110266
87;50000;0.25;0.01199
88;50000;0.25;0.0112975
89;50000;0.25;0.0115108
90;50000;0.25;0.0111851
91;50000;0.25;0.0116838
92;50000;0.25;0.0117506
93;50000;0.25;0.0114358
94;50000;0.25;0.0111525
95;50000;0.25;0.0114221
96;50000;0.25;0.0114062
97;50000;0.25;0.0112868
98;50000;0.25;0.0113831
99;50000;0.25;0.0127235
0;50000;0.5;0.0097848
1;50000;0.5;0.0100785
2;50000;0.5;0.0101066
3;50000;0.5;0.0103663
4;50000;0.5;0.0102862
5;50000;0.5;0.0105437
6;50000;0.5;0.0100817
7;50000;0.5;0.0109233
8;50000;0.5;0.0105856
9;50000;0.5;0.0100237
10;50000;0.5;0.0107012
11;50000;0.5;0.0111704
12;50000;0.5;0.0106248
13;50000;0.5;0.0099072
14;50000;0.5;0.0109269
15;50000;0.5;0.0101421
16;50000;0.5;0.0104596
17;50000;0.5;0.0102914
18;50000;0.5;0.0103482
19;50000;0.5;0.0106543
20;50000;0.5;0.0100701
21;50000;0.5;0.0103139
22;50000;0.5;0.0100979
23;50000;0.5;0.0106066
24;50000;0.5;0.0103471
25;50000;0.5;0.010504
26;50000;0.5;0.0102576
27;50000;0.5;0.0105519
28;50000;0.5;0.0102818
29;50000;0.5;0.0104058
30;50000;0.5;0.0105255
31;50000;0.5;0.0103553
32;50000;0.5;0.0104926
33;50000;0.5;0.010354
34;50000;0.5;0.010023
35;50000;0.5;0.0102451
36;50000;0.5;0.0100514
37;50000;0.5;0.0104697
38;50000;0.5;0.0104265
39;50000;0.5;0.0103516
40;50000;0.5;0.010535
41;50000;0.5;0.0100981
42;50000;0.5;0.0104882
43;50000;0.5;0.0100461
44;50000;0.5;0.0108521
45;50000;0.5;0.010678
46;50000;0.5;0.0104421
47;50000;0.5;0.0101704
48;50000;0.5;0.0102573
49;50000;0.5;0.0109239
50;50000;0.5;0.0103006
51;50000;0.5;0.0109054
52;50000;0.5;0.0107677
53;50000;0.5;0.0104462
54;50000;0.5;0.0104519
55;50000;0.5;0.0101165
56;50000;0.5;0.0107795
57;50000;0.5;0.0101209
58;50000;0.5;0.0100882
59;50000;0.5;0.0103806
60;50000;0.5;0.0102768
61;50000;0.5;0.0103566
62;50000;0.5;0.0107952
63;50000;0.5;0.0105632
64;50000;0.5;0.0104001
65;50000;0.5;0.0101132
66;50000;0.5;0.0101659
67;50000;0.5;0.0102147
68;50000;0.5;0.0101036
69;50000;0.5;0.0101967
70;50000;0.5;0.0114334
71;50000;0.5;0.0099678
72;50000;0.5;0.0106931
73;50000;0.5;0.0101464
74;50000;0.5;0.0103946
75;50000;0.5;0.010589
76;50000;0.5;0.0104225
77;50000;0.5;0.01047
78;50000;0.5;0.0106096
79;50000;0.5;0.0104623
80;50000;0.5;0.010108
81;50000;0.5;0.0103454
82;50000;0.5;0.0101989
83;50000;0.5;0.0100972
84;50000;0.5;0.0102115
85;50000;0.5;0.0106904
86;50000;0.5;0.0102537
87;50000;0.5;0.0103802
88;50000;0.5;0.0105384
89;50000;0.5;0.0108981
90;50000;0.5;0.0109326
91;50000;0.5;0.0100769
92;50000;0.5;0.0105239
93;50000;0.5;0.0106731
94;50000;0.5;0.0108023
95;50000;0.5;0.0100617
96;50000;0.5;0.0106265
97;50000;0.5;0.0102777
98;50000;0.5;0.0106924
99;50000;0.5;0.0119137
0;50000;0.75;0.0094358
1;50000;0.75;0.0094228
2;50000;0.75;0.00907
3;50000;0.75;0.0103338
4;50000;0.75;0.0092277
5;50000;0.75;0.0094724
6;50000;0.75;0.009551
7;50000;0.75;0.0095322
8;50000;0.75;0.0090865
9;50000;0.75;0.009031
10;50000;0.75;0.0092357
11;50000;0.75;0.0090572
12;50000;0.75;0.0090655
13;50000;0.75;0.0091698
14;50000;0.75;0.0091239
15;50000;0.75;0.0095713
16;50000;0.75;0.0089883
17;50000;0.75;0.0090217
18;50000;0.75;0.0089984
19;50000;0.75;0.0095401
20;50000;0.75;0.0091773
21;50000;0.75;0.0095434
22;50000;0.75;0.0095639
23;50000;0.75;0.009026
24;50000;0.75;0.0094785
25;50000;0.75;0.0092673
26;50000;0.75;0.0094201
27;50000;0.75;0.0092257
28;50000;0.75;0.0099255
29;50000;0.75;0.0092719
30;50000;0.75;0.0091242
31;50000;0.75;0.0093049
32;50000;0.75;0.008925
33;50000;0.75;0.0097627
34;50000;0.75;0.0090342
35;50000;0.75;0.0098385
36;50000;0.75;0.009255
37;50000;0.75;0.0092937
38;50000;0.75;0.009587
39;50000;0.75;0.0091335
40;50000;0.75;0.0097793
41;50000;0.75;0.0089526
42;50000;0.75;0.0100356
43;50000;0.75;0.009227
44;50000;0.75;0.0091125
45;50000;0.75;0.0090705
46;50000;0.75;0.0090296
47;50000;0.75;0.0095998
48;50000;0.75;0.0096208
49;50000;0.75;0.009459
50;50000;0.75;0.0096493
51;50000;0.75;0.0096335
52;50000;0.75;0.0096788
53;50000;0.75;0.0089177
54;50000;0.75;0.009159
55;50000;0.75;0.009183
56;50000;0.75;0.009466
57;50000;0.75;0.0091245
58;50000;0.75;0.0095867
59;50000;0.75;0.0092177
60;50000;0.75;0.0091116
61;50000;0.75;0.0089971
62;50000;0.75;0.0095706
63;50000;0.75;0.0096672
64;50000;0.75;0.0092632
65;50000;0.75;0.009745
66;50000;0.75;0.0092668
67;50000;0.75;0.0091618
68;50000;0.75;0.0096297
69;50000;0.75;0.0090304
70;50000;0.75;0.0098906
71;50000;0.75;0.0096555
72;50000;0.75;0.009745
73;50000;0.75;0.0094253
74;50000;0.75;0.009253
75;50000;0.75;0.0090495
76;50000;0.75;0.0091026
77;50000;0.75;0.0090236
78;50000;0.75;0.0090356
79;50000;0.75;0.0090691
80;50000;0.75;0.0093277
81;50000;0.75;0.0091546
82;50000;0.75;0.0090566
83;50000;0.75;0.009021
84;50000;0.75;0.0091685
85;50000;0.75;0.0090421
86;50000;0.75;0.0092378
87;50000;0.75;0.0093056
88;50000;0.75;0.0092468
89;50000;0.75;0.0090361
90;50000;0.75;0.0090358
91;50000;0.75;0.0090175
92;50000;0.75;0.0090367
93;50000;0.75;0.0091153
94;50000;0.75;0.0095232
95;50000;0.75;0.0095109
96;50000;0.75;0.0094205
97;50000;0.75;0.0090631
98;50000;0.75;0.0095564
99;50000;0.75;0.011616
0;50000;0.95;0.0084111
1;50000;0.95;0.0084304
2;50000;0.95;0.0083478
3;50000;0.95;0.0082441
4;50000;0.95;0.0083547
5;50000;0.95;0.0082916
6;50000;0.95;0.0088699
7;50000;0.95;0.0083069
8;50000;0.95;0.0094102
9;50000;0.95;0.008829
10;50000;0.95;0.0082459
11;50000;0.95;0.0088142
12;50000;0.95;0.0083297
13;50000;0.95;0.0086526
14;50000;0.95;0.0086699
15;50000;0.95;0.0081865
16;50000;0.95;0.0083822
17;50000;0.95;0.0083068
18;50000;0.95;0.0086255
19;50000;0.95;0.0087797
20;50000;0.95;0.0086214
21;50000;0.95;0.0083447
22;50000;0.95;0.008437
23;50000;0.95;0.0087547
24;50000;0.95;0.0085677
25;50000;0.95;0.0086202
26;50000;0.95;0.0089321
27;50000;0.95;0.0083173
28;50000;0.95;0.0083728
29;50000;0.95;0.0082172
30;50000;0.95;0.0087282
31;50000;0.95;0.0088238
32;50000;0.95;0.0084464
33;50000;0.95;0.0082583
34;50000;0.95;0.0082621
35;50000;0.95;0.008944
36;50000;0.95;0.0084918
37;50000;0.95;0.0082433
38;50000;0.95;0.0092682
39;50000;0.95;0.0081751
40;50000;0.95;0.0084956
41;50000;0.95;0.0082634
42;50000;0.95;0.0087396
43;50000;0.95;0.0085714
44;50000;0.95;0.0082706
45;50000;0.95;0.0083667
46;50000;0.95;0.0085769
47;50000;0.95;0.008745
48;50000;0.95;0.0086377
49;50000;0.95;0.0084283
50;50000;0.95;0.0082533
51;50000;0.95;0.0082783
52;50000;0.95;0.0082723
53;50000;0.95;0.0082619
54;50000;0.95;0.0083843
55;50000;0.95;0.0082392
56;50000;0.95;0.008237
57;50000;0.95;0.008238
58;50000;0.95;0.0082493
59;50000;0.95;0.0084613
60;50000;0.95;0.0082479
61;50000;0.95;0.0082626
62;50000;0.95;0.008336
63;50000;0.95;0.0081954
64;50000;0.95;0.0086378
65;50000;0.95;0.0088541
66;50000;0.95;0.0086567
67;50000;0.95;0.0085799
68;50000;0.95;0.0082092
69;50000;0.95;0.0087562
70;50000;0.95;0.0083195
71;50000;0.95;0.0083003
72;50000;0.95;0.0086854
73;50000;0.95;0.0082471
74;50000;0.95;0.0086906
75;50000;0.95;0.0087217
76;50000;0.95;0.008855
77;50000;0.95;0.0088982
78;50000;0.95;0.00817
79;50000;0.95;0.008306
80;50000;0.95;0.0082801
81;50000;0.95;0.0084442
82;50000;0.95;0.0095363
83;50000;0.95;0.0083333
84;50000;0.95;0.008632
85;50000;0.95;0.008654
86;50000;0.95;0.0082933
87;50000;0.95;0.0082108
88;50000;0.95;0.0086055
89;50000;0.95;0.0087004
90;50000;0.95;0.0083674
91;50000;0.95;0.0085934
92;50000;0.95;0.0083074
93;50000;0.95;0.0086181
94;50000;0.95;0.0084013
95;50000;0.95;0.0083534
96;50000;0.95;0.0086037
97;50000;0.95;0.0091908
98;50000;0.95;0.0086108
99;50000;0.95;0.0119043
0;50000;0.99;0.0085123
1;50000;0.99;0.008404
2;50000;0.99;0.0085169
3;50000;0.99;0.0081033
4;50000;0.99;0.0084809
5;50000;0.99;0.008112
6;50000;0.99;0.0083425
7;50000;0.99;0.0081574
8;50000;0.99;0.0094212
9;50000;0.99;0.008337
10;50000;0.99;0.0087371
11;50000;0.99;0.0084981
12;50000;0.99;0.0084927
13;50000;0.99;0.0083797
14;50000;0.99;0.0090168
15;50000;0.99;0.008501
16;50000;0.99;0.0087881
17;50000;0.99;0.0081285
18;50000;0.99;0.0081161
19;50000;0.99;0.0081076
20;50000;0.99;0.0081127
21;50000;0.99;0.0081059
22;50000;0.99;0.0080975
23;50000;0.99;0.0083198
24;50000;0.99;0.0080644
25;50000;0.99;0.0083086
26;50000;0.99;0.0081723
27;50000;0.99;0.0086658
28;50000;0.99;0.0083154
29;50000;0.99;0.0080202
30;50000;0.99;0.008508
31;50000;0.99;0.0081325
32;50000;0.99;0.0085825
33;50000;0.99;0.008332
34;50000;0.99;0.0078931
35;50000;0.99;0.0088055
36;50000;0.99;0.0082347
37;50000;0.99;0.0083054
38;50000;0.99;0.0082493
39;50000;0.99;0.0085333
40;50000;0.99;0.0083322
41;50000;0.99;0.0080598
42;50000;0.99;0.0080519
43;50000;0.99;0.0082594
44;50000;0.99;0.008633
45;50000;0.99;0.0085121
46;50000;0.99;0.0081611
47;50000;0.99;0.0084048
48;50000;0.99;0.0081164
49;50000;0.99;0.0082337
50;50000;0.99;0.0080676
51;50000;0.99;0.0082021
52;50000;0.99;0.0089211
53;50000;0.99;0.0083278
54;50000;0.99;0.0087592
55;50000;0.99;0.0081432
56;50000;0.99;0.0082977
57;50000;0.99;0.0081628
58;50000;0.99;0.0081247
59;50000;0.99;0.0088668
60;50000;0.99;0.0092467
61;50000;0.99;0.008418
62;50000;0.99;0.0087929
63;50000;0.99;0.0086108
64;50000;0.99;0.0082846
65;50000;0.99;0.0083925
66;50000;0.99;0.0084385
67;50000;0.99;0.0080966
68;50000;0.99;0.0079589
69;50000;0.99;0.0086459
70;50000;0.99;0.0084717
71;50000;0.99;0.0085279
72;50000;0.99;0.0084809
73;50000;0.99;0.0080667
74;50000;0.99;0.0080113
75;50000;0.99;0.0083247
76;50000;0.99;0.0085254
77;50000;0.99;0.0086268
78;50000;0.99;0.0089883
79;50000;0.99;0.0084561
80;50000;0.99;0.0082127
81;50000;0.99;0.0082209
82;50000;0.99;0.0084152
83;50000;0.99;0.0083212
84;50000;0.99;0.0087987
85;50000;0.99;0.0089709
86;50000;0.99;0.008122
87;50000;0.99;0.0088141
88;50000;0.99;0.0082929
89;50000;0.99;0.0081193
90;50000;0.99;0.0084018
91;50000;0.99;0.0081285
92;50000;0.99;0.0085417
93;50000;0.99;0.0081206
94;50000;0.99;0.0081157
95;50000;0.99;0.0081021
96;50000;0.99;0.008103
97;50000;0.99;0.0083736
98;50000;0.99;0.0086005
99;50000;0.99;0.0119356
0;50000;0.997;0.0082997
1;50000;0.997;0.0080858
2;50000;0.997;0.0085417
3;50000;0.997;0.008792
4;50000;0.997;0.0081163
5;50000;0.997;0.0088557
6;50000;0.997;0.0080565
7;50000;0.997;0.008518
8;50000;0.997;0.0083083
9;50000;0.997;0.008529
10;50000;0.997;0.0086677
11;50000;0.997;0.0081312
12;50000;0.997;0.0088621
13;50000;0.997;0.0081501
14;50000;0.997;0.0082982
15;50000;0.997;0.008149
16;50000;0.997;0.0087403
17;50000;0.997;0.0087934
18;50000;0.997;0.008138
19;50000;0.997;0.0084325
20;50000;0.997;0.0081392
21;50000;0.997;0.0089728
22;50000;0.997;0.0081357
23;50000;0.997;0.0085859
24;50000;0.997;0.0085078
25;50000;0.997;0.0081911
26;50000;0.997;0.0082323
27;50000;0.997;0.0083776
28;50000;0.997;0.008757
29;50000;0.997;0.0083146
30;50000;0.997;0.0082071
31;50000;0.997;0.0088685
32;50000;0.997;0.0080413
33;50000;0.997;0.0082483
34;50000;0.997;0.0082694
35;50000;0.997;0.0085415
36;50000;0.997;0.0082324
37;50000;0.997;0.0082901
38;50000;0.997;0.0086793
39;50000;0.997;0.0085544
40;50000;0.997;0.0086153
41;50000;0.997;0.0081043
42;50000;0.997;0.0085943
43;50000;0.997;0.0087989
44;50000;0.997;0.008183
45;50000;0.997;0.0082206
46;50000;0.997;0.0080854
47;50000;0.997;0.0082186
48;50000;0.997;0.0083151
49;50000;0.997;0.0083989
50;50000;0.997;0.008275
51;50000;0.997;0.0080264
52;50000;0.997;0.0086714
53;50000;0.997;0.0086012
54;50000;0.997;0.0087119
55;50000;0.997;0.0081675
56;50000;0.997;0.00865
57;50000;0.997;0.0080846
58;50000;0.997;0.0083498
59;50000;0.997;0.0082415
60;50000;0.997;0.008072
61;50000;0.997;0.0082101
62;50000;0.997;0.0082467
63;50000;0.997;0.0084969
64;50000;0.997;0.0083114
65;50000;0.997;0.008231
66;50000;0.997;0.0085936
67;50000;0.997;0.0081374
68;50000;0.997;0.0082935
69;50000;0.997;0.0082575
70;50000;0.997;0.0084074
71;50000;0.997;0.0082012
72;50000;0.997;0.0093881
73;50000;0.997;0.0085406
74;50000;0.997;0.0082713
75;50000;0.997;0.0088057
76;50000;0.997;0.008036
77;50000;0.997;0.0084471
78;50000;0.997;0.0084187
79;50000;0.997;0.008276
80;50000;0.997;0.008315
81;50000;0.997;0.0080744
82;50000;0.997;0.0084449
83;50000;0.997;0.0084096
84;50000;0.997;0.0090219
85;50000;0.997;0.008543
86;50000;0.997;0.0086559
87;50000;0.997;0.0087154
88;50000;0.997;0.0082328
89;50000;0.997;0.0084353
90;50000;0.997;0.0082804
91;50000;0.997;0.0085443
92;50000;0.997;0.0083069
93;50000;0.997;0.0081842
94;50000;0.997;0.0084693
95;50000;0.997;0.0080661
96;50000;0.997;0.0084106
97;50000;0.997;0.0082467
98;50000;0.997;0.0085533
99;50000;0.997;0.0119426
0;100000;-1;0.0177175
1;100000;-1;0.0190791
2;100000;-1;0.0185631
3;100000;-1;0.0188584
4;100000;-1;0.0177971
5;100000;-1;0.0176451
6;100000;-1;0.017624
7;100000;-1;0.0182681
8;100000;-1;0.0176684
9;100000;-1;0.0184273
10;100000;-1;0.017634
11;100000;-1;0.0180071
12;100000;-1;0.0181616
13;100000;-1;0.0179323
14;100000;-1;0.01876
15;100000;-1;0.0178943
16;100000;-1;0.018041
17;100000;-1;0.0179237
18;100000;-1;0.0179694
19;100000;-1;0.0181578
20;100000;-1;0.0178739
21;100000;-1;0.0184362
22;100000;-1;0.0191593
23;100000;-1;0.0175767
24;100000;-1;0.0176117
25;100000;-1;0.0182809
26;100000;-1;0.0179719
27;100000;-1;0.0184828
28;100000;-1;0.0182048
29;100000;-1;0.0191974
30;100000;-1;0.0191813
31;100000;-1;0.0175689
32;100000;-1;0.018222
33;100000;-1;0.0182038
34;100000;-1;0.0183442
35;100000;-1;0.018329
36;100000;-1;0.0181683
37;100000;-1;0.0182841
38;100000;-1;0.0181108
39;100000;-1;0.0179714
40;100000;-1;0.018348
41;100000;-1;0.0181409
42;100000;-1;0.0184707
43;100000;-1;0.0177803
44;100000;-1;0.0181772
45;100000;-1;0.0182712
46;100000;-1;0.0184978
47;100000;-1;0.0184041
48;100000;-1;0.01778
49;100000;-1;0.0176453
50;100000;-1;0.0176162
51;100000;-1;0.0176075
52;100000;-1;0.0183045
53;100000;-1;0.0185648
54;100000;-1;0.0178068
55;100000;-1;0.0183635
56;100000;-1;0.017731
57;100000;-1;0.0176737
58;100000;-1;0.017931
59;100000;-1;0.0184437
60;100000;-1;0.0185621
61;100000;-1;0.0176735
62;100000;-1;0.018174
63;100000;-1;0.0182356
64;100000;-1;0.0182319
65;100000;-1;0.0178397
66;100000;-1;0.0183005
67;100000;-1;0.0183078
68;100000;-1;0.0181916
69;100000;-1;0.0179079
70;100000;-1;0.01861
71;100000;-1;0.0180931
72;100000;-1;0.0180081
73;100000;-1;0.0184293
74;100000;-1;0.0181914
75;100000;-1;0.018022
76;100000;-1;0.0179454
77;100000;-1;0.0182217
78;100000;-1;0.0183751
79;100000;-1;0.0183864
80;100000;-1;0.0175499
81;100000;-1;0.0182678
82;100000;-1;0.0185264
83;100000;-1;0.0183746
84;100000;-1;0.0175417
85;100000;-1;0.0179723
86;100000;-1;0.018958
87;100000;-1;0.0181717
88;100000;-1;0.0179356
89;100000;-1;0.0179549
90;100000;-1;0.0185249
91;100000;-1;0.0187321
92;100000;-1;0.0182684
93;100000;-1;0.0177284
94;100000;-1;0.0178675
95;100000;-1;0.0178126
96;100000;-1;0.0176522
97;100000;-1;0.0183107
98;100000;-1;0.0181799
99;100000;-1;0.0248855
0;100000;1;0.0257221
1;100000;1;0.0256923
2;100000;1;0.0250109
3;100000;1;0.0245888
4;100000;1;0.0251323
5;100000;1;0.0257262
6;100000;1;0.0252205
7;100000;1;0.0251069
8;100000;1;0.0252368
9;100000;1;0.0245992
10;100000;1;0.0245103
11;100000;1;0.0256614
12;100000;1;0.0249333
13;100000;1;0.0254154
14;100000;1;0.0253004
15;100000;1;0.0252255
16;100000;1;0.024951
17;100000;1;0.0254492
18;100000;1;0.0252228
19;100000;1;0.0257052
20;100000;1;0.0249991
21;100000;1;0.025232
22;100000;1;0.0256895
23;100000;1;0.0253741
24;100000;1;0.0247396
25;100000;1;0.0257405
26;100000;1;0.024982
27;100000;1;0.0253342
28;100000;1;0.024831
29;100000;1;0.025466
30;100000;1;0.0254859
31;100000;1;0.0257928
32;100000;1;0.0250602
33;100000;1;0.0265492
34;100000;1;0.0259532
35;100000;1;0.0255432
36;100000;1;0.0259431
37;100000;1;0.0245689
38;100000;1;0.0250808
39;100000;1;0.0258102
40;100000;1;0.0254296
41;100000;1;0.0246642
42;100000;1;0.0248262
43;100000;1;0.0255535
44;100000;1;0.0252127
45;100000;1;0.0251261
46;100000;1;0.0248074
47;100000;1;0.0248452
48;100000;1;0.0254726
49;100000;1;0.0261075
50;100000;1;0.0250522
51;100000;1;0.0252357
52;100000;1;0.0250268
53;100000;1;0.0253783
54;100000;1;0.025519
55;100000;1;0.025215
56;100000;1;0.0256663
57;100000;1;0.025276
58;100000;1;0.0252624
59;100000;1;0.0251053
60;100000;1;0.0253817
61;100000;1;0.0255049
62;100000;1;0.0255261
63;100000;1;0.0251649
64;100000;1;0.0254075
65;100000;1;0.02517
66;100000;1;0.0254072
67;100000;1;0.0251524
68;100000;1;0.0256915
69;100000;1;0.0253217
70;100000;1;0.0249976
71;100000;1;0.024864
72;100000;1;0.0251679
73;100000;1;0.0262972
74;100000;1;0.0248627
75;100000;1;0.0254129
76;100000;1;0.0244848
77;100000;1;0.024916
78;100000;1;0.0253699
79;100000;1;0.0251488
80;100000;1;0.0254276
81;100000;1;0.0251812
82;100000;1;0.0255917
83;100000;1;0.0246435
84;100000;1;0.0249152
85;100000;1;0.0256863
86;100000;1;0.0252386
87;100000;1;0.0248847
88;100000;1;0.0250023
89;100000;1;0.0251549
90;100000;1;0.0260904
91;100000;1;0.0256902
92;100000;1;0.025979
93;100000;1;0.0256202
94;100000;1;0.025124
95;100000;1;0.0262542
96;100000;1;0.0245856
97;100000;1;0.0251877
98;100000;1;0.0253662
99;100000;1;0.0256654
0;100000;0.25;0.0242573
1;100000;0.25;0.0240845
2;100000;0.25;0.0228703
3;100000;0.25;0.0230523
4;100000;0.25;0.0237311
5;100000;0.25;0.024356
6;100000;0.25;0.0249302
7;100000;0.25;0.0242268
8;100000;0.25;0.0230177
9;100000;0.25;0.0239113
10;100000;0.25;0.0243817
11;100000;0.25;0.0226576
12;100000;0.25;0.0233106
13;100000;0.25;0.0233485
14;100000;0.25;0.0237329
15;100000;0.25;0.0231911
16;100000;0.25;0.0235076
17;100000;0.25;0.0238497
18;100000;0.25;0.0231621
19;100000;0.25;0.0243068
20;100000;0.25;0.0232476
21;100000;0.25;0.0232601
22;100000;0.25;0.0233233
23;100000;0.25;0.0234047
24;100000;0.25;0.0235716
25;100000;0.25;0.0235981
26;100000;0.25;0.0232511
27;100000;0.25;0.0231698
28;100000;0.25;0.0231647
29;100000;0.25;0.0233865
30;100000;0.25;0.0231551
31;100000;0.25;0.023931
32;100000;0.25;0.0229043
33;100000;0.25;0.0237741
34;100000;0.25;0.0228718
35;100000;0.25;0.0234681
36;100000;0.25;0.0230827
37;100000;0.25;0.0235059
38;100000;0.25;0.0230253
39;100000;0.25;0.0230287
40;100000;0.25;0.0248522
41;100000;0.25;0.0244672
42;100000;0.25;0.0240487
43;100000;0.25;0.0240433
44;100000;0.25;0.0233303
45;100000;0.25;0.022749
46;100000;0.25;0.0227938
47;100000;0.25;0.0233722
48;100000;0.25;0.0232539
49;100000;0.25;0.0229385
50;100000;0.25;0.0239244
51;100000;0.25;0.0230961
52;100000;0.25;0.0244416
53;100000;0.25;0.0231736
54;100000;0.25;0.0231679
55;100000;0.25;0.0234658
56;100000;0.25;0.0235451
57;100000;0.25;0.0230901
58;100000;0.25;0.0237124
59;100000;0.25;0.0232424
60;100000;0.25;0.0236588
61;100000;0.25;0.023394
62;100000;0.25;0.0236983
63;100000;0.25;0.0231026
64;100000;0.25;0.0238821
65;100000;0.25;0.0231557
66;100000;0.25;0.0240325
67;100000;0.25;0.0234906
68;100000;0.25;0.0231725
69;100000;0.25;0.0240065
70;100000;0.25;0.0233779
71;100000;0.25;0.0231143
72;100000;0.25;0.023939
73;100000;0.25;0.0238407
74;100000;0.25;0.0245689
75;100000;0.25;0.0242405
76;100000;0.25;0.0239192
77;100000;0.25;0.0244017
78;100000;0.25;0.0238654
79;100000;0.25;0.0235594
80;100000;0.25;0.0227552
81;100000;0.25;0.0230554
82;100000;0.25;0.0239424
83;100000;0.25;0.0244299
84;100000;0.25;0.0231653
85;100000;0.25;0.0239279
86;100000;0.25;0.0238058
87;100000;0.25;0.0227447
88;100000;0.25;0.0240616
89;100000;0.25;0.0232893
90;100000;0.25;0.0232852
91;100000;0.25;0.0236209
92;100000;0.25;0.0236924
93;100000;0.25;0.0237624
94;100000;0.25;0.0239695
95;100000;0.25;0.0242905
96;100000;0.25;0.0237326
97;100000;0.25;0.0234887
98;100000;0.25;0.0229353
99;100000;0.25;0.0253615
0;100000;0.5;0.0220271
1;100000;0.5;0.021825
2;100000;0.5;0.021495
3;100000;0.5;0.0212803
4;100000;0.5;0.0208585
5;100000;0.5;0.0208669
6;100000;0.5;0.0210863
7;100000;0.5;0.0211942
8;100000;0.5;0.0219605
9;100000;0.5;0.0221158
10;100000;0.5;0.0209935
11;100000;0.5;0.0222274
12;100000;0.5;0.0215642
13;100000;0.5;0.0209456
14;100000;0.5;0.0210072
15;100000;0.5;0.020949
16;100000;0.5;0.0215286
17;100000;0.5;0.0210834
18;100000;0.5;0.0231346
19;100000;0.5;0.0213058
20;100000;0.5;0.0224435
21;100000;0.5;0.0216168
22;100000;0.5;0.0211403
23;100000;0.5;0.0220026
24;100000;0.5;0.0217222
25;100000;0.5;0.0217479
26;100000;0.5;0.0218836
27;100000;0.5;0.0214929
28;100000;0.5;0.0226338
29;100000;0.5;0.0222106
30;100000;0.5;0.0210391
31;100000;0.5;0.021375
32;100000;0.5;0.0209728
33;100000;0.5;0.0218958
34;100000;0.5;0.0217758
35;100000;0.5;0.0217117
36;100000;0.5;0.021317
37;100000;0.5;0.0223755
38;100000;0.5;0.0211346
39;100000;0.5;0.0216458
40;100000;0.5;0.0218636
41;100000;0.5;0.0221695
42;100000;0.5;0.0210566
43;100000;0.5;0.0206816
44;100000;0.5;0.0215621
45;100000;0.5;0.0216435
46;100000;0.5;0.0226226
47;100000;0.5;0.0214478
48;100000;0.5;0.021205
49;100000;0.5;0.0213569
50;100000;0.5;0.0217847
51;100000;0.5;0.0206452
52;100000;0.5;0.0213689
53;100000;0.5;0.0225954
54;100000;0.5;0.0207996
55;100000;0.5;0.021564
56;100000;0.5;0.0211775
57;100000;0.5;0.0217799
58;100000;0.5;0.0212199
59;100000;0.5;0.0222146
60;100000;0.5;0.0212712
61;100000;0.5;0.021224
62;100000;0.5;0.0216189
63;100000;0.5;0.0221042
64;100000;0.5;0.022514
65;100000;0.5;0.0218411
66;100000;0.5;0.0217683
67;100000;0.5;0.021378
68;100000;0.5;0.0223923
69;100000;0.5;0.0214444
70;100000;0.5;0.0220173
71;100000;0.5;0.0211024
72;100000;0.5;0.0211686
73;100000;0.5;0.02139
74;100000;0.5;0.0216773
75;100000;0.5;0.0214145
76;100000;0.5;0.0207769
77;100000;0.5;0.0215116
78;100000;0.5;0.0214561
79;100000;0.5;0.0216342
80;100000;0.5;0.020917
81;100000;0.5;0.0212996
82;100000;0.5;0.0207936
83;100000;0.5;0.0212559
84;100000;0.5;0.021088
85;100000;0.5;0.0212825
86;100000;0.5;0.0219916
87;100000;0.5;0.0223027
88;100000;0.5;0.023062
89;100000;0.5;0.0210613
90;100000;0.5;0.021456
91;100000;0.5;0.0212839
92;100000;0.5;0.0212005
93;100000;0.5;0.0217348
94;100000;0.5;0.021627
95;100000;0.5;0.0212143
96;100000;0.5;0.0215217
97;100000;0.5;0.0211236
98;100000;0.5;0.0216846
99;100000;0.5;0.0254155
0;100000;0.75;0.0197865
1;100000;0.75;0.0202572
2;100000;0.75;0.019973
3;100000;0.75;0.019635
4;100000;0.75;0.0191498
5;100000;0.75;0.0187007
6;100000;0.75;0.0186815
7;100000;0.75;0.0190872
8;100000;0.75;0.0187575
9;100000;0.75;0.0199696
10;100000;0.75;0.0193677
11;100000;0.75;0.0190881
12;100000;0.75;0.0201568
13;100000;0.75;0.0189741
14;100000;0.75;0.0192653
15;100000;0.75;0.0192101
16;100000;0.75;0.0190385
17;100000;0.75;0.0189145
18;100000;0.75;0.0194874
19;100000;0.75;0.0201618
20;100000;0.75;0.0190679
21;100000;0.75;0.0201007
22;100000;0.75;0.0189086
23;100000;0.75;0.0188652
24;100000;0.75;0.0192129
25;100000;0.75;0.0191511
26;100000;0.75;0.0193
27;100000;0.75;0.0189047
28;100000;0.75;0.0191452
29;100000;0.75;0.0195358
30;100000;0.75;0.0191968
31;100000;0.75;0.0196217
32;100000;0.75;0.0191946
33;100000;0.75;0.0194002
34;100000;0.75;0.0190628
35;100000;0.75;0.0198563
36;100000;0.75;0.0190075
37;100000;0.75;0.0199651
38;100000;0.75;0.0197976
39;100000;0.75;0.0188578
40;100000;0.75;0.0192843
41;100000;0.75;0.0192827
42;100000;0.75;0.0199768
43;100000;0.75;0.019986
44;100000;0.75;0.019287
45;100000;0.75;0.0190128
46;100000;0.75;0.0187408
47;100000;0.75;0.0202801
48;100000;0.75;0.0194771
49;100000;0.75;0.0199687
50;100000;0.75;0.019243
51;100000;0.75;0.0191038
52;100000;0.75;0.0194458
53;100000;0.75;0.0195262
54;100000;0.75;0.0193308
55;100000;0.75;0.0192802
56;100000;0.75;0.0189991
57;100000;0.75;0.0190426
58;100000;0.75;0.0191255
59;100000;0.75;0.0193821
60;100000;0.75;0.020045
61;100000;0.75;0.0192094
62;100000;0.75;0.0191947
63;100000;0.75;0.0192118
64;100000;0.75;0.0192089
65;100000;0.75;0.0190569
66;100000;0.75;0.0192337
67;100000;0.75;0.0196146
68;100000;0.75;0.0192931
69;100000;0.75;0.0193189
70;100000;0.75;0.0193223
71;100000;0.75;0.0192984
72;100000;0.75;0.019242
73;100000;0.75;0.0194984
74;100000;0.75;0.0194613
75;100000;0.75;0.0192147
76;100000;0.75;0.0192332
77;100000;0.75;0.0193987
78;100000;0.75;0.01891
79;100000;0.75;0.0189833
80;100000;0.75;0.0196941
81;100000;0.75;0.0200973
82;100000;0.75;0.0190403
83;100000;0.75;0.0201071
84;100000;0.75;0.0198557
85;100000;0.75;0.0187251
86;100000;0.75;0.018681
87;100000;0.75;0.0187102
88;100000;0.75;0.018756
89;100000;0.75;0.0189051
90;100000;0.75;0.0195728
91;100000;0.75;0.0193779
92;100000;0.75;0.0190583
93;100000;0.75;0.0193154
94;100000;0.75;0.0197275
95;100000;0.75;0.0184357
96;100000;0.75;0.019776
97;100000;0.75;0.018781
98;100000;0.75;0.0191331
99;100000;0.75;0.0246935
0;100000;0.95;0.0171914
1;100000;0.95;0.0175716
2;100000;0.95;0.0177745
3;100000;0.95;0.0174064
4;100000;0.95;0.017248
5;100000;0.95;0.0176635
6;100000;0.95;0.017044
7;100000;0.95;0.0169316
8;100000;0.95;0.0172676
9;100000;0.95;0.0173503
10;100000;0.95;0.017668
11;100000;0.95;0.0171699
12;100000;0.95;0.0176374
13;100000;0.95;0.0176505
14;100000;0.95;0.0180154
15;100000;0.95;0.0179015
16;100000;0.95;0.0173223
17;100000;0.95;0.0179073
18;100000;0.95;0.0171952
19;100000;0.95;0.0176358
20;100000;0.95;0.0174997
21;100000;0.95;0.0172803
22;100000;0.95;0.0173685
23;100000;0.95;0.0177461
24;100000;0.95;0.017419
25;100000;0.95;0.0175562
26;100000;0.95;0.0172525
27;100000;0.95;0.0181301
28;100000;0.95;0.0172253
29;100000;0.95;0.017773
30;100000;0.95;0.0176059
31;100000;0.95;0.0170983
32;100000;0.95;0.0174964
33;100000;0.95;0.0171676
34;100000;0.95;0.0176062
35;100000;0.95;0.017562
36;100000;0.95;0.0175306
37;100000;0.95;0.0173496
38;100000;0.95;0.0176216
39;100000;0.95;0.0174285
40;100000;0.95;0.0177866
41;100000;0.95;0.0171546
42;100000;0.95;0.017196
43;100000;0.95;0.01712
44;100000;0.95;0.0173157
45;100000;0.95;0.0178608
46;100000;0.95;0.0174279
47;100000;0.95;0.0171935
48;100000;0.95;0.0170695
49;100000;0.95;0.0172357
50;100000;0.95;0.0173957
51;100000;0.95;0.0168768
52;100000;0.95;0.017668
53;100000;0.95;0.0171176
54;100000;0.95;0.0175676
55;100000;0.95;0.0171586
56;100000;0.95;0.0176015
57;100000;0.95;0.0174035
58;100000;0.95;0.0177541
59;100000;0.95;0.0171556
60;100000;0.95;0.0182621
61;100000;0.95;0.0170131
62;100000;0.95;0.0174412
63;100000;0.95;0.0174203
64;100000;0.95;0.0182762
65;100000;0.95;0.0178476
66;100000;0.95;0.0179524
67;100000;0.95;0.0181077
68;100000;0.95;0.0177767
69;100000;0.95;0.0177917
70;100000;0.95;0.0179379
71;100000;0.95;0.0174694
72;100000;0.95;0.0173897
73;100000;0.95;0.0175859
74;100000;0.95;0.0180235
75;100000;0.95;0.0175868
76;100000;0.95;0.017824
77;100000;0.95;0.0178263
78;100000;0.95;0.0181301
79;100000;0.95;0.0175131
80;100000;0.95;0.0180625
81;100000;0.95;0.0179537
82;100000;0.95;0.0177634
83;100000;0.95;0.0178658
84;100000;0.95;0.0192184
85;100000;0.95;0.0172098
86;100000;0.95;0.018383
87;100000;0.95;0.0178653
88;100000;0.95;0.0175896
89;100000;0.95;0.0182774
90;100000;0.95;0.0180262
91;100000;0.95;0.0182069
92;100000;0.95;0.017595
93;100000;0.95;0.017252
94;100000;0.95;0.0172947
95;100000;0.95;0.0175753
96;100000;0.95;0.0183719
97;100000;0.95;0.018932
98;100000;0.95;0.0181771
99;100000;0.95;0.0257011
0;100000;0.99;0.0167828
1;100000;0.99;0.0173775
2;100000;0.99;0.0176307
3;100000;0.99;0.0171102
4;100000;0.99;0.0167658
5;100000;0.99;0.0167558
6;100000;0.99;0.01709
7;100000;0.99;0.0179816
8;100000;0.99;0.0175531
9;100000;0.99;0.0176022
10;100000;0.99;0.0176087
11;100000;0.99;0.016934
12;100000;0.99;0.0175871
13;100000;0.99;0.0170947
14;100000;0.99;0.0175762
15;100000;0.99;0.0174702
16;100000;0.99;0.01761
17;100000;0.99;0.0172053
18;100000;0.99;0.0174635
19;100000;0.99;0.0171231
20;100000;0.99;0.0179325
21;100000;0.99;0.0169817
22;100000;0.99;0.0180702
23;100000;0.99;0.0173421
24;100000;0.99;0.0178306
25;100000;0.99;0.0175476
26;100000;0.99;0.0176614
27;100000;0.99;0.0180611
28;100000;0.99;0.016949
29;100000;0.99;0.0173275
30;100000;0.99;0.0173068
31;100000;0.99;0.0173124
32;100000;0.99;0.0174597
33;100000;0.99;0.0189842
34;100000;0.99;0.0178906
35;100000;0.99;0.0175996
36;100000;0.99;0.0173131
37;100000;0.99;0.0168672
38;100000;0.99;0.0167469
39;100000;0.99;0.0172903
40;100000;0.99;0.0175395
41;100000;0.99;0.0169685
42;100000;0.99;0.0167931
43;100000;0.99;0.0173335
44;100000;0.99;0.0169141
45;100000;0.99;0.0177433
46;100000;0.99;0.0175635
47;100000;0.99;0.0177328
48;100000;0.99;0.0170251
49;100000;0.99;0.0172079
50;100000;0.99;0.017192
51;100000;0.99;0.0175625
52;100000;0.99;0.0173232
53;100000;0.99;0.0170535
54;100000;0.99;0.017068
55;100000;0.99;0.0172459
56;100000;0.99;0.0168846
57;100000;0.99;0.0177462
58;100000;0.99;0.017505
59;100000;0.99;0.0172372
60;100000;0.99;0.0170405
61;100000;0.99;0.0171465
62;100000;0.99;0.0173381
63;100000;0.99;0.0174711
64;100000;0.99;0.0176324
65;100000;0.99;0.0174043
66;100000;0.99;0.0170373
67;100000;0.99;0.0170665
68;100000;0.99;0.0170984
69;100000;0.99;0.0174288
70;100000;0.99;0.0173119
71;100000;0.99;0.0170717
72;100000;0.99;0.0173312
73;100000;0.99;0.0167762
74;100000;0.99;0.0172829
75;100000;0.99;0.0169914
76;100000;0.99;0.0171289
77;100000;0.99;0.0170239
78;100000;0.99;0.0174635
79;100000;0.99;0.0172958
80;100000;0.99;0.0175589
81;100000;0.99;0.016988
82;100000;0.99;0.0177804
83;100000;0.99;0.0177402
84;100000;0.99;0.0174302
85;100000;0.99;0.0175289
86;100000;0.99;0.017826
87;100000;0.99;0.0178926
88;100000;0.99;0.0180978
89;100000;0.99;0.0176366
90;100000;0.99;0.0168916
91;100000;0.99;0.0172841
92;100000;0.99;0.0170298
93;100000;0.99;0.0167016
94;100000;0.99;0.0176313
95;100000;0.99;0.0166717
96;100000;0.99;0.0176003
97;100000;0.99;0.0169994
98;100000;0.99;0.0172282
99;100000;0.99;0.0248563
0;100000;0.997;0.016687
1;100000;0.997;0.017706
2;100000;0.997;0.0178746
3;100000;0.997;0.0168501
4;100000;0.997;0.0172093
5;100000;0.997;0.0167442
6;100000;0.997;0.0166706
7;100000;0.997;0.0165189
8;100000;0.997;0.0180868
9;100000;0.997;0.0172894
10;100000;0.997;0.0170658
11;100000;0.997;0.016893
12;100000;0.997;0.0171159
13;100000;0.997;0.0171387
14;100000;0.997;0.0177437
15;100000;0.997;0.0172597
16;100000;0.997;0.0173961
17;100000;0.997;0.0175234
18;100000;0.997;0.0174051
19;100000;0.997;0.0174724
20;100000;0.997;0.0174027
21;100000;0.997;0.0171376
22;100000;0.997;0.0172283
23;100000;0.997;0.0173938
24;100000;0.997;0.0169234
25;100000;0.997;0.0169891
26;100000;0.997;0.0170382
27;100000;0.997;0.0170779
28;100000;0.997;0.0173882
29;100000;0.997;0.0170682
30;100000;0.997;0.0173441
31;100000;0.997;0.0172987
32;100000;0.997;0.0171056
33;100000;0.997;0.0172601
34;100000;0.997;0.0170005
35;100000;0.997;0.0167903
36;100000;0.997;0.0173095
37;100000;0.997;0.0166543
38;100000;0.997;0.0174757
39;100000;0.997;0.0172454
40;100000;0.997;0.0184058
41;100000;0.997;0.0174231
42;100000;0.997;0.017163
43;100000;0.997;0.0171765
44;100000;0.997;0.0176556
45;100000;0.997;0.0176489
46;100000;0.997;0.017586
47;100000;0.997;0.0170039
48;100000;0.997;0.0172614
49;100000;0.997;0.017306
50;100000;0.997;0.0171003
51;100000;0.997;0.0172853
52;100000;0.997;0.0180097
53;100000;0.997;0.0172293
54;100000;0.997;0.0176709
55;100000;0.997;0.0168976
56;100000;0.997;0.017425
57;100000;0.997;0.0174317
58;100000;0.997;0.0170647
59;100000;0.997;0.01703
60;100000;0.997;0.0178857
61;100000;0.997;0.017159
62;100000;0.997;0.0170074
63;100000;0.997;0.0172636
64;100000;0.997;0.0176661
65;100000;0.997;0.0173382
66;100000;0.997;0.0171896
67;100000;0.997;0.0172747
68;100000;0.997;0.0175818
69;100000;0.997;0.0174074
70;100000;0.997;0.0174763
71;100000;0.997;0.0168436
72;100000;0.997;0.0172456
73;100000;0.997;0.0172012
74;100000;0.997;0.0167993
75;100000;0.997;0.0169045
76;100000;0.997;0.0168445
77;100000;0.997;0.0169645
78;100000;0.997;0.0169492
79;100000;0.997;0.0165069
80;100000;0.997;0.0177479
81;100000;0.997;0.0172038
82;100000;0.997;0.0172444
83;100000;0.997;0.0171954
84;100000;0.997;0.0172678
85;100000;0.997;0.0175419
86;100000;0.997;0.0173841
87;100000;0.997;0.017637
88;100000;0.997;0.0173784
89;100000;0.997;0.0167276
90;100000;0.997;0.0167196
91;100000;0.997;0.0167947
92;100000;0.997;0.0171295
93;100000;0.997;0.016998
94;100000;0.997;0.016838
95;100000;0.997;0.0172922
96;100000;0.997;0.0171288
97;100000;0.997;0.0173937
98;100000;0.997;0.0168877
99;100000;0.997;0.0255591
0;500000;-1;0.0944575
1;500000;-1;0.0952851
2;500000;-1;0.0932633
3;500000;-1;0.0954605
4;500000;-1;0.0956286
5;500000;-1;0.0940195
6;500000;-1;0.0944792
7;500000;-1;0.0937833
8;500000;-1;0.0945203
9;500000;-1;0.0937302
10;500000;-1;0.0947447
11;500000;-1;0.0960691
12;500000;-1;0.0938294
13;500000;-1;0.0945031
14;500000;-1;0.0935371
15;500000;-1;0.0949904
16;500000;-1;0.0950366
17;500000;-1;0.0939102
18;500000;-1;0.0954596
19;500000;-1;0.0959474
20;500000;-1;0.0957646
21;500000;-1;0.0937355
22;500000;-1;0.0969773
23;500000;-1;0.0942768
24;500000;-1;0.0938593
25;500000;-1;0.0955386
26;500000;-1;0.0938193
27;500000;-1;0.0939614
28;500000;-1;0.093774
29;500000;-1;0.0949545
30;500000;-1;0.0949798
31;500000;-1;0.094906
32;500000;-1;0.0982223
33;500000;-1;0.0939757
34;500000;-1;0.0930378
35;500000;-1;0.0947335
36;500000;-1;0.0944634
37;500000;-1;0.0950619
38;500000;-1;0.0944461
39;500000;-1;0.0954686
40;500000;-1;0.0944322
41;500000;-1;0.0947609
42;500000;-1;0.0969295
43;500000;-1;0.0941472
44;500000;-1;0.0961706
45;500000;-1;0.0951887
46;500000;-1;0.0951537
47;500000;-1;0.0942435
48;500000;-1;0.0946935
49;500000;-1;0.0944845
50;500000;-1;0.093728
51;500000;-1;0.0950333
52;500000;-1;0.0960179
53;500000;-1;0.0978182
54;500000;-1;0.0957655
55;500000;-1;0.0934061
56;500000;-1;0.0950266
57;500000;-1;0.0946434
58;500000;-1;0.0947285
59;500000;-1;0.0944507
60;500000;-1;0.0993385
61;500000;-1;0.0947146
62;500000;-1;0.0949035
63;500000;-1;0.0959545
64;500000;-1;0.0943531
65;500000;-1;0.0931824
66;500000;-1;0.0939965
67;500000;-1;0.0930601
68;500000;-1;0.0948807
69;500000;-1;0.0944261
70;500000;-1;0.0959649
71;500000;-1;0.0949096
72;500000;-1;0.0942567
73;500000;-1;0.0955581
74;500000;-1;0.0960495
75;500000;-1;0.0950605
76;500000;-1;0.0944339
77;500000;-1;0.0948137
78;500000;-1;0.0944237
79;500000;-1;0.0955348
80;500000;-1;0.095525
81;500000;-1;0.0950682
82;500000;-1;0.0939924
83;500000;-1;0.0945861
84;500000;-1;0.0956237
85;500000;-1;0.0943554
86;500000;-1;0.0938582
87;500000;-1;0.0950813
88;500000;-1;0.0938983
89;500000;-1;0.0954386
90;500000;-1;0.0944766
91;500000;-1;0.0945599
92;500000;-1;0.0946906
93;500000;-1;0.0940683
94;500000;-1;0.0952054
95;500000;-1;0.0949901
96;500000;-1;0.0968929
97;500000;-1;0.0949861
98;500000;-1;0.0943942
99;500000;-1;0.137122
0;500000;1;0.138231
1;500000;1;0.137013
2;500000;1;0.136496
3;500000;1;0.137019
4;500000;1;0.136572
5;500000;1;0.136784
6;500000;1;0.141175
7;500000;1;0.136143
8;500000;1;0.137304
9;500000;1;0.133529
10;500000;1;0.136018
11;500000;1;0.135078
12;500000;1;0.136262
13;500000;1;0.135502
14;500000;1;0.137599
15;500000;1;0.138011
16;500000;1;0.137633
17;500000;1;0.136385
18;500000;1;0.137071
19;500000;1;0.136519
20;500000;1;0.137262
21;500000;1;0.13847
22;500000;1;0.13681
23;500000;1;0.137412
24;500000;1;0.136926
25;500000;1;0.136243
26;500000;1;0.136598
27;500000;1;0.136054
28;500000;1;0.135942
29;500000;1;0.137352
30;500000;1;0.137234
31;500000;1;0.135021
32;500000;1;0.135886
33;500000;1;0.135785
34;500000;1;0.13683
35;500000;1;0.138162
36;500000;1;0.137699
37;500000;1;0.135746
38;500000;1;0.138713
39;500000;1;0.134898
40;500000;1;0.135097
41;500000;1;0.137038
42;500000;1;0.136687
43;500000;1;0.136869
44;500000;1;0.135096
45;500000;1;0.137479
46;500000;1;0.136638
47;500000;1;0.135844
48;500000;1;0.137279
49;500000;1;0.137089
50;500000;1;0.135217
51;500000;1;0.136765
52;500000;1;0.136248
53;500000;1;0.13617
54;500000;1;0.135595
55;500000;1;0.136254
56;500000;1;0.136167
57;500000;1;0.136006
58;500000;1;0.136513
59;500000;1;0.135941
60;500000;1;0.137488
61;500000;1;0.136299
62;500000;1;0.135369
63;500000;1;0.137319
64;500000;1;0.135938
65;500000;1;0.136163
66;500000;1;0.140395
67;500000;1;0.13845
68;500000;1;0.138808
69;500000;1;0.136572
70;500000;1;0.134857
71;500000;1;0.135443
72;500000;1;0.135688
73;500000;1;0.134406
74;500000;1;0.135652
75;500000;1;0.136908
76;500000;1;0.135178
77;500000;1;0.135489
78;500000;1;0.134466
79;500000;1;0.135901
80;500000;1;0.135892
81;500000;1;0.136598
82;500000;1;0.136518
83;500000;1;0.139246
84;500000;1;0.137584
85;500000;1;0.134835
86;500000;1;0.137111
87;500000;1;0.135788
88;500000;1;0.135721
89;500000;1;0.135793
90;500000;1;0.138004
91;500000;1;0.135613
92;500000;1;0.138326
93;500000;1;0.13688
94;500000;1;0.137361
95;500000;1;0.137033
96;500000;1;0.138587
97;500000;1;0.137332
98;500000;1;0.137799
99;500000;1;0.139574
0;500000;0.25;0.12596
1;500000;0.25;0.125646
2;500000;0.25;0.121993
3;500000;0.25;0.125447
4;500000;0.25;0.126088
5;500000;0.25;0.124676
6;500000;0.25;0.123768
7;500000;0.25;0.125447
8;500000;0.25;0.125092
9;500000;0.25;0.128367
10;500000;0.25;0.126626
11;500000;0.25;0.125483
12;500000;0.25;0.126645
13;500000;0.25;0.125085
14;500000;0.25;0.125903
15;500000;0.25;0.125355
16;500000;0.25;0.124668
17;500000;0.25;0.127544
18;500000;0.25;0.125615
19;500000;0.25;0.126719
20;500000;0.25;0.125028
21;500000;0.25;0.125917
22;500000;0.25;0.126696
23;500000;0.25;0.125403
24;500000;0.25;0.125599
25;500000;0.25;0.129799
26;500000;0.25;0.125229
27;500000;0.25;0.125259
28;500000;0.25;0.125054
29;500000;0.25;0.126441
30;500000;0.25;0.125337
31;500000;0.25;0.125485
32;500000;0.25;0.127132
33;500000;0.25;0.125189
34;500000;0.25;0.124143
35;500000;0.25;0.124548
36;500000;0.25;0.129402
37;500000;0.25;0.124577
38;500000;0.25;0.125937
39;500000;0.25;0.1241
40;500000;0.25;0.126111
41;500000;0.25;0.127815
42;500000;0.25;0.126841
43;500000;0.25;0.125751
44;500000;0.25;0.126654
45;500000;0.25;0.124572
46;500000;0.25;0.125727
47;500000;0.25;0.126422
48;500000;0.25;0.125265
49;500000;0.25;0.126795
50;500000;0.25;0.124859
51;500000;0.25;0.126877
52;500000;0.25;0.125386
53;500000;0.25;0.125218
54;500000;0.25;0.126131
55;500000;0.25;0.125207
56;500000;0.25;0.126849
57;500000;0.25;0.126742
58;500000;0.25;0.125027
59;500000;0.25;0.125739
60;500000;0.25;0.124941
61;500000;0.25;0.126162
62;500000;0.25;0.12514
63;500000;0.25;0.126602
64;500000;0.25;0.1253
65;500000;0.25;0.125845
66;500000;0.25;0.12577
67;500000;0.25;0.127217
68;500000;0.25;0.125169
69;500000;0.25;0.127717
70;500000;0.25;0.126812
71;500000;0.25;0.125992
72;500000;0.25;0.128458
73;500000;0.25;0.127718
74;500000;0.25;0.125367
75;500000;0.25;0.125199
76;500000;0.25;0.125752
77;500000;0.25;0.126489
78;500000;0.25;0.124095
79;500000;0.25;0.126378
80;500000;0.25;0.125429
81;500000;0.25;0.126855
82;500000;0.25;0.124429
83;500000;0.25;0.126436
84;500000;0.25;0.125118
85;500000;0.25;0.124787
86;500000;0.25;0.124881
87;500000;0.25;0.125668
88;500000;0.25;0.126243
89;500000;0.25;0.12631
90;500000;0.25;0.124733
91;500000;0.25;0.125922
92;500000;0.25;0.126262
93;500000;0.25;0.125812
94;500000;0.25;0.126451
95;500000;0.25;0.124893
96;500000;0.25;0.126265
97;500000;0.25;0.12749
98;500000;0.25;0.125338
99;500000;0.25;0.136862
0;500000;0.5;0.116338
1;500000;0.5;0.114217
2;500000;0.5;0.112831
3;500000;0.5;0.113513
4;500000;0.5;0.113358
5;500000;0.5;0.114702
6;500000;0.5;0.112851
7;500000;0.5;0.114398
8;500000;0.5;0.114559
9;500000;0.5;0.113675
10;500000;0.5;0.117913
11;500000;0.5;0.113078
12;500000;0.5;0.114359
13;500000;0.5;0.114821
14;500000;0.5;0.114096
15;500000;0.5;0.113715
16;500000;0.5;0.113691
17;500000;0.5;0.114894
18;500000;0.5;0.114655
19;500000;0.5;0.117425
20;500000;0.5;0.113502
21;500000;0.5;0.115072
22;500000;0.5;0.113594
23;500000;0.5;0.113781
24;500000;0.5;0.114687
25;500000;0.5;0.114989
26;500000;0.5;0.113989
27;500000;0.5;0.113914
28;500000;0.5;0.113232
29;500000;0.5;0.11558
30;500000;0.5;0.11567
31;500000;0.5;0.115548
32;500000;0.5;0.112695
33;500000;0.5;0.114536
34;500000;0.5;0.114136
35;500000;0.5;0.116304
36;500000;0.5;0.113169
37;500000;0.5;0.114784
38;500000;0.5;0.115971
39;500000;0.5;0.115179
40;500000;0.5;0.113758
41;500000;0.5;0.115346
42;500000;0.5;0.114697
43;500000;0.5;0.115714
44;500000;0.5;0.115414
45;500000;0.5;0.113992
46;500000;0.5;0.112904
47;500000;0.5;0.114982
48;500000;0.5;0.11395
49;500000;0.5;0.114197
50;500000;0.5;0.113383
51;500000;0.5;0.114726
52;500000;0.5;0.116773
53;500000;0.5;0.118314
54;500000;0.5;0.114339
55;500000;0.5;0.115185
56;500000;0.5;0.113888
57;500000;0.5;0.113688
58;500000;0.5;0.113878
59;500000;0.5;0.114577
60;500000;0.5;0.113805
61;500000;0.5;0.113205
62;500000;0.5;0.117352
63;500000;0.5;0.117525
64;500000;0.5;0.114647
65;500000;0.5;0.11433
66;500000;0.5;0.114257
67;500000;0.5;0.114056
68;500000;0.5;0.115133
69;500000;0.5;0.114565
70;500000;0.5;0.11649
71;500000;0.5;0.113376
72;500000;0.5;0.113853
73;500000;0.5;0.114747
74;500000;0.5;0.113451
75;500000;0.5;0.11427
76;500000;0.5;0.114653
77;500000;0.5;0.114563
78;500000;0.5;0.114188
79;500000;0.5;0.115269
80;500000;0.5;0.113947
81;500000;0.5;0.113547
82;500000;0.5;0.113563
83;500000;0.5;0.113552
84;500000;0.5;0.114041
85;500000;0.5;0.11428
86;500000;0.5;0.114814
87;500000;0.5;0.117163
88;500000;0.5;0.114209
89;500000;0.5;0.113164
90;500000;0.5;0.113741
91;500000;0.5;0.114054
92;500000;0.5;0.1145
93;500000;0.5;0.113455
94;500000;0.5;0.113538
95;500000;0.5;0.114102
96;500000;0.5;0.114459
97;500000;0.5;0.116788
98;500000;0.5;0.114542
99;500000;0.5;0.140021
0;500000;0.75;0.102353
1;500000;0.75;0.103487
2;500000;0.75;0.10272
3;500000;0.75;0.103144
4;500000;0.75;0.102724
5;500000;0.75;0.105495
6;500000;0.75;0.102918
7;500000;0.75;0.102564
8;500000;0.75;0.104684
9;500000;0.75;0.102948
10;500000;0.75;0.105705
11;500000;0.75;0.102604
12;500000;0.75;0.102834
13;500000;0.75;0.103261
14;500000;0.75;0.103401
15;500000;0.75;0.102593
16;500000;0.75;0.102235
17;500000;0.75;0.103734
18;500000;0.75;0.10345
19;500000;0.75;0.103367
20;500000;0.75;0.104009
21;500000;0.75;0.103244
22;500000;0.75;0.10499
23;500000;0.75;0.103187
24;500000;0.75;0.105125
25;500000;0.75;0.104344
26;500000;0.75;0.103318
27;500000;0.75;0.101959
28;500000;0.75;0.104234
29;500000;0.75;0.103877
30;500000;0.75;0.101283
31;500000;0.75;0.103379
32;500000;0.75;0.104112
33;500000;0.75;0.10219
34;500000;0.75;0.102499
35;500000;0.75;0.103505
36;500000;0.75;0.10367
37;500000;0.75;0.103403
38;500000;0.75;0.101813
39;500000;0.75;0.105218
40;500000;0.75;0.101918
41;500000;0.75;0.103569
42;500000;0.75;0.1035
43;500000;0.75;0.104792
44;500000;0.75;0.102476
45;500000;0.75;0.103538
46;500000;0.75;0.102263
47;500000;0.75;0.102821
48;500000;0.75;0.104225
49;500000;0.75;0.103925
50;500000;0.75;0.102163
51;500000;0.75;0.102405
52;500000;0.75;0.102967
53;500000;0.75;0.107106
54;500000;0.75;0.10395
55;500000;0.75;0.103625
56;500000;0.75;0.102861
57;500000;0.75;0.103513
58;500000;0.75;0.104882
59;500000;0.75;0.10208
60;500000;0.75;0.103185
61;500000;0.75;0.104316
62;500000;0.75;0.106038
63;500000;0.75;0.10228
64;500000;0.75;0.103509
65;500000;0.75;0.103465
66;500000;0.75;0.103315
67;500000;0.75;0.103305
68;500000;0.75;0.101832
69;500000;0.75;0.103884
70;500000;0.75;0.102467
71;500000;0.75;0.102847
72;500000;0.75;0.102193
73;500000;0.75;0.102883
74;500000;0.75;0.103546
75;500000;0.75;0.102933
76;500000;0.75;0.102552
77;500000;0.75;0.106519
78;500000;0.75;0.102846
79;500000;0.75;0.102968
80;500000;0.75;0.103922
81;500000;0.75;0.104452
82;500000;0.75;0.102306
83;500000;0.75;0.102893
84;500000;0.75;0.103026
85;500000;0.75;0.103643
86;500000;0.75;0.102565
87;500000;0.75;0.102433
88;500000;0.75;0.101445
89;500000;0.75;0.10237
90;500000;0.75;0.102069
91;500000;0.75;0.102764
92;500000;0.75;0.103013
93;500000;0.75;0.102895
94;500000;0.75;0.102005
95;500000;0.75;0.103254
96;500000;0.75;0.105156
97;500000;0.75;0.105065
98;500000;0.75;0.103929
99;500000;0.75;0.137899
0;500000;0.95;0.0944789
1;500000;0.95;0.0947734
2;500000;0.95;0.0936858
3;500000;0.95;0.0949634
4;500000;0.95;0.0939202
5;500000;0.95;0.0938874
6;500000;0.95;0.0954805
7;500000;0.95;0.0953999
8;500000;0.95;0.0940527
9;500000;0.95;0.0942069
10;500000;0.95;0.094287
11;500000;0.95;0.0945511
12;500000;0.95;0.0939915
13;500000;0.95;0.0943447
14;500000;0.95;0.0939302
15;500000;0.95;0.0942927
16;500000;0.95;0.0955644
17;500000;0.95;0.0941551
18;500000;0.95;0.0944232
19;500000;0.95;0.0941994
20;500000;0.95;0.0932787
21;500000;0.95;0.097048
22;500000;0.95;0.0944889
23;500000;0.95;0.0969235
24;500000;0.95;0.0930011
25;500000;0.95;0.095531
26;500000;0.95;0.093283
27;500000;0.95;0.0953031
28;500000;0.95;0.0951686
29;500000;0.95;0.0929106
30;500000;0.95;0.0958942
31;500000;0.95;0.0939638
32;500000;0.95;0.0954762
33;500000;0.95;0.0930783
34;500000;0.95;0.0922233
35;500000;0.95;0.0949862
36;500000;0.95;0.0934923
37;500000;0.95;0.0949409
38;500000;0.95;0.0937586
39;500000;0.95;0.0932674
40;500000;0.95;0.0944785
41;500000;0.95;0.0951869
42;500000;0.95;0.0950381
43;500000;0.95;0.0944872
44;500000;0.95;0.0945769
45;500000;0.95;0.0951367
46;500000;0.95;0.0943513
47;500000;0.95;0.0950272
48;500000;0.95;0.094313
49;500000;0.95;0.0964998
50;500000;0.95;0.0940678
51;500000;0.95;0.0940708
52;500000;0.95;0.094919
53;500000;0.95;0.0956018
54;500000;0.95;0.0936861
55;500000;0.95;0.094628
56;500000;0.95;0.0950471
57;500000;0.95;0.0925277
58;500000;0.95;0.0946408
59;500000;0.95;0.094866
60;500000;0.95;0.0929034
61;500000;0.95;0.0938995
62;500000;0.95;0.0937545
63;500000;0.95;0.0955521
64;500000;0.95;0.0934943
65;500000;0.95;0.0944425
66;500000;0.95;0.0934384
67;500000;0.95;0.0942007
68;500000;0.95;0.0948308
69;500000;0.95;0.095028
70;500000;0.95;0.0940525
71;500000;0.95;0.0945159
72;500000;0.95;0.0942463
73;500000;0.95;0.0954593
74;500000;0.95;0.0937684
75;500000;0.95;0.0950853
76;500000;0.95;0.0941678
77;500000;0.95;0.0942181
78;500000;0.95;0.0956091
79;500000;0.95;0.0941382
80;500000;0.95;0.0942358
81;500000;0.95;0.0943062
82;500000;0.95;0.0948656
83;500000;0.95;0.0953844
84;500000;0.95;0.0930104
85;500000;0.95;0.0931786
86;500000;0.95;0.0936706
87;500000;0.95;0.0951092
88;500000;0.95;0.095064
89;500000;0.95;0.0960661
90;500000;0.95;0.0956741
91;500000;0.95;0.0951487
92;500000;0.95;0.0940506
93;500000;0.95;0.0947962
94;500000;0.95;0.0975531
95;500000;0.95;0.0933321
96;500000;0.95;0.0946131
97;500000;0.95;0.094951
98;500000;0.95;0.0953903
99;500000;0.95;0.135576
0;500000;0.99;0.0976339
1;500000;0.99;0.0958969
2;500000;0.99;0.0913068
3;500000;0.99;0.0918499
4;500000;0.99;0.0931092
5;500000;0.99;0.0916899
6;500000;0.99;0.0916633
7;500000;0.99;0.0917124
8;500000;0.99;0.0924993
9;500000;0.99;0.0927683
10;500000;0.99;0.0932786
11;500000;0.99;0.0931275
12;500000;0.99;0.0925709
13;500000;0.99;0.0930791
14;500000;0.99;0.0924745
15;500000;0.99;0.0917725
16;500000;0.99;0.092905
17;500000;0.99;0.0917264
18;500000;0.99;0.0926308
19;500000;0.99;0.0913695
20;500000;0.99;0.0912839
21;500000;0.99;0.0921263
22;500000;0.99;0.0941318
23;500000;0.99;0.0921942
24;500000;0.99;0.0921894
25;500000;0.99;0.093187
26;500000;0.99;0.0913741
27;500000;0.99;0.0925362
28;500000;0.99;0.0937444
29;500000;0.99;0.0913068
30;500000;0.99;0.0928201
31;500000;0.99;0.0946587
32;500000;0.99;0.0932562
33;500000;0.99;0.0934306
34;500000;0.99;0.0918142
35;500000;0.99;0.0914689
36;500000;0.99;0.0923139
37;500000;0.99;0.0937672
38;500000;0.99;0.0914734
39;500000;0.99;0.0929208
40;500000;0.99;0.0914673
41;500000;0.99;0.092113
42;500000;0.99;0.0931239
43;500000;0.99;0.0935689
44;500000;0.99;0.0921652
45;500000;0.99;0.0942691
46;500000;0.99;0.0931845
47;500000;0.99;0.0913939
48;500000;0.99;0.0926169
49;500000;0.99;0.0920176
50;500000;0.99;0.0918333
51;500000;0.99;0.0922037
52;500000;0.99;0.0936524
53;500000;0.99;0.0925243
54;500000;0.99;0.0934686
55;500000;0.99;0.0915081
56;500000;0.99;0.0921106
57;500000;0.99;0.0922468
58;500000;0.99;0.0932916
59;500000;0.99;0.0923121
60;500000;0.99;0.091743
61;500000;0.99;0.0934239
62;500000;0.99;0.0927987
63;500000;0.99;0.0918694
64;500000;0.99;0.0919556
65;500000;0.99;0.0909297
66;500000;0.99;0.0923392
67;500000;0.99;0.0920057
68;500000;0.99;0.0914095
69;500000;0.99;0.0924457
70;500000;0.99;0.0918168
71;500000;0.99;0.0915081
72;500000;0.99;0.0917818
73;500000;0.99;0.0940072
74;500000;0.99;0.0925474
75;500000;0.99;0.093146
76;500000;0.99;0.0915747
77;500000;0.99;0.0923265
78;500000;0.99;0.0917865
79;500000;0.99;0.0920142
80;500000;0.99;0.0913682
81;500000;0.99;0.0935385
82;500000;0.99;0.0917454
83;500000;0.99;0.0932746
84;500000;0.99;0.0917341
85;500000;0.99;0.093226
86;500000;0.99;0.0919577
87;500000;0.99;0.0926701
88;500000;0.99;0.0921953
89;500000;0.99;0.092815
90;500000;0.99;0.0917357
91;500000;0.99;0.0921915
92;500000;0.99;0.0925901
93;500000;0.99;0.0942453
94;500000;0.99;0.0939299
95;500000;0.99;0.0927994
96;500000;0.99;0.0942922
97;500000;0.99;0.094726
98;500000;0.99;0.0933807
99;500000;0.99;0.135735
0;500000;0.997;0.0913681
1;500000;0.997;0.0920051
2;500000;0.997;0.0898572
3;500000;0.997;0.0923392
4;500000;0.997;0.0916108
5;500000;0.997;0.0919362
6;500000;0.997;0.0918398
7;500000;0.997;0.0922629
8;500000;0.997;0.0932802
9;500000;0.997;0.0912953
10;500000;0.997;0.0919098
11;500000;0.997;0.0935313
12;500000;0.997;0.0909356
13;500000;0.997;0.0924195
14;500000;0.997;0.092398
15;500000;0.997;0.0920573
16;500000;0.997;0.092079
17;500000;0.997;0.0925215
18;500000;0.997;0.0919888
19;500000;0.997;0.0922856
20;500000;0.997;0.092845
21;500000;0.997;0.0918313
22;500000;0.997;0.0927747
23;500000;0.997;0.09299
24;500000;0.997;0.0897674
25;500000;0.997;0.0915285
26;500000;0.997;0.0912354
27;500000;0.997;0.0914101
28;500000;0.997;0.0918645
29;500000;0.997;0.0917658
30;500000;0.997;0.0931746
31;500000;0.997;0.0919701
32;500000;0.997;0.0939138
33;500000;0.997;0.0930114
34;500000;0.997;0.0925851
35;500000;0.997;0.0918854
36;500000;0.997;0.0920116
37;500000;0.997;0.091875
38;500000;0.997;0.0920001
39;500000;0.997;0.0918579
40;500000;0.997;0.0913204
41;500000;0.997;0.0921375
42;500000;0.997;0.0920519
43;500000;0.997;0.0952334
44;500000;0.997;0.090906
45;500000;0.997;0.0924671
46;500000;0.997;0.091412
47;500000;0.997;0.0928081
48;500000;0.997;0.0912267
49;500000;0.997;0.0932822
50;500000;0.997;0.0928356
51;500000;0.997;0.0930384
52;500000;0.997;0.0923057
53;500000;0.997;0.0932091
54;500000;0.997;0.0896481
55;500000;0.997;0.0922702
56;500000;0.997;0.0922751
57;500000;0.997;0.0913417
58;500000;0.997;0.0910463
59;500000;0.997;0.0932973
60;500000;0.997;0.092533
61;500000;0.997;0.0926244
62;500000;0.997;0.0918871
63;500000;0.997;0.0927518
64;500000;0.997;0.0943207
65;500000;0.997;0.0923419
66;500000;0.997;0.0922993
67;500000;0.997;0.0922884
68;500000;0.997;0.0932451
69;500000;0.997;0.0923294
70;500000;0.997;0.0923177
71;500000;0.997;0.0927026
72;500000;0.997;0.092227
73;500000;0.997;0.0921567
74;500000;0.997;0.0924665
75;500000;0.997;0.0901702
76;500000;0.997;0.0915349
77;500000;0.997;0.0911521
78;500000;0.997;0.0923699
79;500000;0.997;0.0913652
80;500000;0.997;0.0927033
81;500000;0.997;0.0909881
82;500000;0.997;0.0911536
83;500000;0.997;0.0925299
84;500000;0.997;0.0921908
85;500000;0.997;0.0940476
86;500000;0.997;0.0917198
87;500000;0.997;0.0912608
88;500000;0.997;0.0913438
89;500000;0.997;0.0931782
90;500000;0.997;0.0914188
91;500000;0.997;0.0930524
92;500000;0.997;0.0928038
93;500000;0.997;0.091846
94;500000;0.997;0.091533
95;500000;0.997;0.0926132
96;500000;0.997;0.0927918
97;500000;0.997;0.0921929
98;500000;0.997;0.0933052
99;500000;0.997;0.136945
0;1000000;-1;0.194239
1;1000000;-1;0.192978
2;1000000;-1;0.194216
3;1000000;-1;0.192335
4;1000000;-1;0.192731
5;1000000;-1;0.192532
6;1000000;-1;0.194931
7;1000000;-1;0.193807
8;1000000;-1;0.195592
9;1000000;-1;0.194694
10;1000000;-1;0.19205
11;1000000;-1;0.194185
12;1000000;-1;0.190332
13;1000000;-1;0.195106
14;1000000;-1;0.192073
15;1000000;-1;0.191873
16;1000000;-1;0.194473
17;1000000;-1;0.193855
18;1000000;-1;0.19192
19;1000000;-1;0.192904
20;1000000;-1;0.192541
21;1000000;-1;0.192361
22;1000000;-1;0.19242
23;1000000;-1;0.193363
24;1000000;-1;0.191978
25;1000000;-1;0.191975
26;1000000;-1;0.192453
27;1000000;-1;0.19411
28;1000000;-1;0.193449
29;1000000;-1;0.192742
30;1000000;-1;0.192214
31;1000000;-1;0.191219
32;1000000;-1;0.196998
33;1000000;-1;0.19147
34;1000000;-1;0.191216
35;1000000;-1;0.195987
36;1000000;-1;0.192432
37;1000000;-1;0.192
38;1000000;-1;0.193189
39;1000000;-1;0.193434
40;1000000;-1;0.193488
41;1000000;-1;0.195741
42;1000000;-1;0.194061
43;1000000;-1;0.193006
44;1000000;-1;0.192493
45;1000000;-1;0.192347
46;1000000;-1;0.193902
47;1000000;-1;0.191951
48;1000000;-1;0.194624
49;1000000;-1;0.191578
50;1000000;-1;0.191713
51;1000000;-1;0.195161
52;1000000;-1;0.193259
53;1000000;-1;0.193976
54;1000000;-1;0.193643
55;1000000;-1;0.193598
56;1000000;-1;0.192387
57;1000000;-1;0.193601
58;1000000;-1;0.192083
59;1000000;-1;0.19211
60;1000000;-1;0.194372
61;1000000;-1;0.191658
62;1000000;-1;0.194161
63;1000000;-1;0.192007
64;1000000;-1;0.195883
65;1000000;-1;0.194657
66;1000000;-1;0.193115
67;1000000;-1;0.191804
68;1000000;-1;0.192093
69;1000000;-1;0.19197
70;1000000;-1;0.192646
71;1000000;-1;0.190679
72;1000000;-1;0.195424
73;1000000;-1;0.193567
74;1000000;-1;0.193266
75;1000000;-1;0.197364
76;1000000;-1;0.192502
77;1000000;-1;0.192594
78;1000000;-1;0.194939
79;1000000;-1;0.193241
80;1000000;-1;0.190826
81;1000000;-1;0.190284
82;1000000;-1;0.191506
83;1000000;-1;0.189319
84;1000000;-1;0.192845
85;1000000;-1;0.195403
86;1000000;-1;0.196447
87;1000000;-1;0.19195
88;1000000;-1;0.193834
89;1000000;-1;0.193409
90;1000000;-1;0.192871
91;1000000;-1;0.195226
92;1000000;-1;0.191401
93;1000000;-1;0.194076
94;1000000;-1;0.195026
95;1000000;-1;0.191181
96;1000000;-1;0.191803
97;1000000;-1;0.191825
98;1000000;-1;0.194141
99;1000000;-1;0.277633
0;1000000;1;0.282413
1;1000000;1;0.278462
2;1000000;1;0.279891
3;1000000;1;0.277158
4;1000000;1;0.281342
5;1000000;1;0.278081
6;1000000;1;0.28038
7;1000000;1;0.277101
8;1000000;1;0.276585
9;1000000;1;0.278061
10;1000000;1;0.278657
11;1000000;1;0.276026
12;1000000;1;0.278702
13;1000000;1;0.2788
14;1000000;1;0.277037
15;1000000;1;0.27769
16;1000000;1;0.279217
17;1000000;1;0.27784
18;1000000;1;0.275603
19;1000000;1;0.280709
20;1000000;1;0.27642
21;1000000;1;0.276486
22;1000000;1;0.276733
23;1000000;1;0.276947
24;1000000;1;0.279001
25;1000000;1;0.278898
26;1000000;1;0.27911
27;1000000;1;0.280907
28;1000000;1;0.277677
29;1000000;1;0.278559
30;1000000;1;0.279164
31;1000000;1;0.279489
32;1000000;1;0.277483
33;1000000;1;0.274305
34;1000000;1;0.282089
35;1000000;1;0.276914
36;1000000;1;0.277889
37;1000000;1;0.278651
38;1000000;1;0.274809
39;1000000;1;0.280187
40;1000000;1;0.275967
41;1000000;1;0.277765
42;1000000;1;0.278287
43;1000000;1;0.276235
44;1000000;1;0.277687
45;1000000;1;0.278403
46;1000000;1;0.276505
47;1000000;1;0.278631
48;1000000;1;0.277546
49;1000000;1;0.282412
50;1000000;1;0.278758
51;1000000;1;0.279672
52;1000000;1;0.276198
53;1000000;1;0.276938
54;1000000;1;0.282079
55;1000000;1;0.276359
56;1000000;1;0.277992
57;1000000;1;0.279362
58;1000000;1;0.279116
59;1000000;1;0.278694
60;1000000;1;0.282187
61;1000000;1;0.277541
62;1000000;1;0.276641
63;1000000;1;0.276712
64;1000000;1;0.280201
65;1000000;1;0.27894
66;1000000;1;0.277997
67;1000000;1;0.278027
68;1000000;1;0.281501
69;1000000;1;0.277259
70;1000000;1;0.279091
71;1000000;1;0.276076
72;1000000;1;0.281396
73;1000000;1;0.279126
74;1000000;1;0.276099
75;1000000;1;0.283611
76;1000000;1;0.280696
77;1000000;1;0.276472
78;1000000;1;0.278277
79;1000000;1;0.27889
80;1000000;1;0.278942
81;1000000;1;0.276899
82;1000000;1;0.276006
83;1000000;1;0.280673
84;1000000;1;0.277602
85;1000000;1;0.277489
86;1000000;1;0.278205
87;1000000;1;0.276689
88;1000000;1;0.278612
89;1000000;1;0.278062
90;1000000;1;0.27905
91;1000000;1;0.277331
92;1000000;1;0.280017
93;1000000;1;0.279368
94;1000000;1;0.281039
95;1000000;1;0.275629
96;1000000;1;0.275934
97;1000000;1;0.277313
98;1000000;1;0.278515
99;1000000;1;0.280363
0;1000000;0.25;0.25387
1;1000000;0.25;0.259517
2;1000000;0.25;0.255654
3;1000000;0.25;0.259321
4;1000000;0.25;0.255606
5;1000000;0.25;0.257435
6;1000000;0.25;0.255272
7;1000000;0.25;0.256651
8;1000000;0.25;0.257812
9;1000000;0.25;0.257086
10;1000000;0.25;0.257381
11;1000000;0.25;0.254842
12;1000000;0.25;0.25744
13;1000000;0.25;0.25609
14;1000000;0.25;0.255605
15;1000000;0.25;0.255018
16;1000000;0.25;0.257454
17;1000000;0.25;0.25608
18;1000000;0.25;0.256804
19;1000000;0.25;0.256063
20;1000000;0.25;0.262051
21;1000000;0.25;0.255059
22;1000000;0.25;0.255519
23;1000000;0.25;0.257619
24;1000000;0.25;0.254927
25;1000000;0.25;0.256201
26;1000000;0.25;0.255094
27;1000000;0.25;0.256379
28;1000000;0.25;0.257055
29;1000000;0.25;0.256208
30;1000000;0.25;0.257136
31;1000000;0.25;0.255534
32;1000000;0.25;0.254343
33;1000000;0.25;0.256941
34;1000000;0.25;0.255106
35;1000000;0.25;0.256758
36;1000000;0.25;0.258443
37;1000000;0.25;0.256408
38;1000000;0.25;0.2571
39;1000000;0.25;0.25467
40;1000000;0.25;0.25986
41;1000000;0.25;0.258098
42;1000000;0.25;0.255528
43;1000000;0.25;0.257744
44;1000000;0.25;0.256184
45;1000000;0.25;0.256642
46;1000000;0.25;0.256014
47;1000000;0.25;0.254202
48;1000000;0.25;0.255898
49;1000000;0.25;0.260077
50;1000000;0.25;0.256861
51;1000000;0.25;0.256272
52;1000000;0.25;0.255868
53;1000000;0.25;0.258244
54;1000000;0.25;0.257025
55;1000000;0.25;0.256295
56;1000000;0.25;0.256443
57;1000000;0.25;0.256969
58;1000000;0.25;0.25687
59;1000000;0.25;0.257449
60;1000000;0.25;0.256549
61;1000000;0.25;0.261952
62;1000000;0.25;0.25609
63;1000000;0.25;0.255748
64;1000000;0.25;0.255734
65;1000000;0.25;0.255433
66;1000000;0.25;0.256273
67;1000000;0.25;0.258407
68;1000000;0.25;0.256139
69;1000000;0.25;0.258339
70;1000000;0.25;0.256756
71;1000000;0.25;0.254502
72;1000000;0.25;0.254665
73;1000000;0.25;0.256408
74;1000000;0.25;0.258319
75;1000000;0.25;0.256714
76;1000000;0.25;0.257633
77;1000000;0.25;0.255825
78;1000000;0.25;0.25428
79;1000000;0.25;0.257883
80;1000000;0.25;0.256036
81;1000000;0.25;0.256985
82;1000000;0.25;0.256178
83;1000000;0.25;0.258294
84;1000000;0.25;0.257351
85;1000000;0.25;0.257887
86;1000000;0.25;0.256156
87;1000000;0.25;0.256362
88;1000000;0.25;0.256867
89;1000000;0.25;0.255868
90;1000000;0.25;0.255403
91;1000000;0.25;0.257038
92;1000000;0.25;0.261331
93;1000000;0.25;0.260474
94;1000000;0.25;0.254672
95;1000000;0.25;0.256846
96;1000000;0.25;0.256299
97;1000000;0.25;0.257642
98;1000000;0.25;0.255577
99;1000000;0.25;0.280699
0;1000000;0.5;0.234818
1;1000000;0.5;0.23356
2;1000000;0.5;0.234058
3;1000000;0.5;0.232455
4;1000000;0.5;0.234745
5;1000000;0.5;0.233887
6;1000000;0.5;0.234953
7;1000000;0.5;0.234546
8;1000000;0.5;0.232847
9;1000000;0.5;0.235212
10;1000000;0.5;0.238677
11;1000000;0.5;0.234437
12;1000000;0.5;0.23691
13;1000000;0.5;0.234137
14;1000000;0.5;0.235905
15;1000000;0.5;0.233074
16;1000000;0.5;0.234028
17;1000000;0.5;0.234592
18;1000000;0.5;0.234868
19;1000000;0.5;0.231454
20;1000000;0.5;0.232861
21;1000000;0.5;0.233719
22;1000000;0.5;0.235035
23;1000000;0.5;0.233971
24;1000000;0.5;0.234483
25;1000000;0.5;0.234196
26;1000000;0.5;0.234204
27;1000000;0.5;0.237942
28;1000000;0.5;0.234085
29;1000000;0.5;0.23386
30;1000000;0.5;0.23654
31;1000000;0.5;0.235631
32;1000000;0.5;0.233996
33;1000000;0.5;0.234818
34;1000000;0.5;0.233956
35;1000000;0.5;0.232256
36;1000000;0.5;0.238073
37;1000000;0.5;0.232242
38;1000000;0.5;0.235109
39;1000000;0.5;0.237036
40;1000000;0.5;0.233596
41;1000000;0.5;0.236387
42;1000000;0.5;0.234789
43;1000000;0.5;0.233929
44;1000000;0.5;0.23617
45;1000000;0.5;0.234347
46;1000000;0.5;0.235007
47;1000000;0.5;0.233989
48;1000000;0.5;0.235532
49;1000000;0.5;0.231323
50;1000000;0.5;0.234596
51;1000000;0.5;0.234304
52;1000000;0.5;0.233461
53;1000000;0.5;0.233351
54;1000000;0.5;0.232939
55;1000000;0.5;0.2367
56;1000000;0.5;0.232838
57;1000000;0.5;0.234989
58;1000000;0.5;0.238161
59;1000000;0.5;0.233242
60;1000000;0.5;0.235985
61;1000000;0.5;0.233369
62;1000000;0.5;0.234662
63;1000000;0.5;0.236084
64;1000000;0.5;0.234059
65;1000000;0.5;0.235
66;1000000;0.5;0.233095
67;1000000;0.5;0.231306
68;1000000;0.5;0.233727
69;1000000;0.5;0.235726
70;1000000;0.5;0.233074
71;1000000;0.5;0.235848
72;1000000;0.5;0.23294
73;1000000;0.5;0.233341
74;1000000;0.5;0.234217
75;1000000;0.5;0.234802
76;1000000;0.5;0.235468
77;1000000;0.5;0.238426
78;1000000;0.5;0.234257
79;1000000;0.5;0.232925
80;1000000;0.5;0.233222
81;1000000;0.5;0.233132
82;1000000;0.5;0.23552
83;1000000;0.5;0.232443
84;1000000;0.5;0.237027
85;1000000;0.5;0.23294
86;1000000;0.5;0.234027
87;1000000;0.5;0.233729
88;1000000;0.5;0.237661
89;1000000;0.5;0.234292
90;1000000;0.5;0.234369
91;1000000;0.5;0.233831
92;1000000;0.5;0.235187
93;1000000;0.5;0.235152
94;1000000;0.5;0.23465
95;1000000;0.5;0.234392
96;1000000;0.5;0.233399
97;1000000;0.5;0.234954
98;1000000;0.5;0.234759
99;1000000;0.5;0.281986
0;1000000;0.75;0.210078
1;1000000;0.75;0.211908
2;1000000;0.75;0.211017
3;1000000;0.75;0.211595
4;1000000;0.75;0.211943
5;1000000;0.75;0.210671
6;1000000;0.75;0.210801
7;1000000;0.75;0.211906
8;1000000;0.75;0.211027
9;1000000;0.75;0.21559
10;1000000;0.75;0.210758
11;1000000;0.75;0.209634
12;1000000;0.75;0.210661
13;1000000;0.75;0.214988
14;1000000;0.75;0.212302
15;1000000;0.75;0.214771
16;1000000;0.75;0.210746
17;1000000;0.75;0.211596
18;1000000;0.75;0.211266
19;1000000;0.75;0.210213
20;1000000;0.75;0.210482
21;1000000;0.75;0.212557
22;1000000;0.75;0.210909
23;1000000;0.75;0.21289
24;1000000;0.75;0.210726
25;1000000;0.75;0.213836
26;1000000;0.75;0.211335
27;1000000;0.75;0.212487
28;1000000;0.75;0.212506
29;1000000;0.75;0.211142
30;1000000;0.75;0.211532
31;1000000;0.75;0.215
32;1000000;0.75;0.212943
33;1000000;0.75;0.210679
34;1000000;0.75;0.213936
35;1000000;0.75;0.20987
36;1000000;0.75;0.21006
37;1000000;0.75;0.211488
38;1000000;0.75;0.211133
39;1000000;0.75;0.214282
40;1000000;0.75;0.211816
41;1000000;0.75;0.212318
42;1000000;0.75;0.213349
43;1000000;0.75;0.212914
44;1000000;0.75;0.212391
45;1000000;0.75;0.211852
46;1000000;0.75;0.211087
47;1000000;0.75;0.211299
48;1000000;0.75;0.21071
49;1000000;0.75;0.213609
50;1000000;0.75;0.210731
51;1000000;0.75;0.213191
52;1000000;0.75;0.212314
53;1000000;0.75;0.210263
54;1000000;0.75;0.210835
55;1000000;0.75;0.212352
56;1000000;0.75;0.211214
57;1000000;0.75;0.2125
58;1000000;0.75;0.212426
59;1000000;0.75;0.20925
60;1000000;0.75;0.212554
61;1000000;0.75;0.213454
62;1000000;0.75;0.211485
63;1000000;0.75;0.21431
64;1000000;0.75;0.216016
65;1000000;0.75;0.211856
66;1000000;0.75;0.211472
67;1000000;0.75;0.211149
68;1000000;0.75;0.213985
69;1000000;0.75;0.212435
70;1000000;0.75;0.208924
71;1000000;0.75;0.212321
72;1000000;0.75;0.209755
73;1000000;0.75;0.211953
74;1000000;0.75;0.211601
75;1000000;0.75;0.210915
76;1000000;0.75;0.211088
77;1000000;0.75;0.209734
78;1000000;0.75;0.210789
79;1000000;0.75;0.21147
80;1000000;0.75;0.213519
81;1000000;0.75;0.210309
82;1000000;0.75;0.212158
83;1000000;0.75;0.210735
84;1000000;0.75;0.213661
85;1000000;0.75;0.21095
86;1000000;0.75;0.210219
87;1000000;0.75;0.212125
88;1000000;0.75;0.210847
89;1000000;0.75;0.213189
90;1000000;0.75;0.213057
91;1000000;0.75;0.211755
92;1000000;0.75;0.213448
93;1000000;0.75;0.212914
94;1000000;0.75;0.211489
95;1000000;0.75;0.211132
96;1000000;0.75;0.213321
97;1000000;0.75;0.21237
98;1000000;0.75;0.209985
99;1000000;0.75;0.278492
0;1000000;0.95;0.192624
1;1000000;0.95;0.193437
2;1000000;0.95;0.192529
3;1000000;0.95;0.193393
4;1000000;0.95;0.192031
5;1000000;0.95;0.195113
6;1000000;0.95;0.194593
7;1000000;0.95;0.192088
8;1000000;0.95;0.193292
9;1000000;0.95;0.191606
10;1000000;0.95;0.192426
11;1000000;0.95;0.198893
12;1000000;0.95;0.191109
13;1000000;0.95;0.194405
14;1000000;0.95;0.193442
15;1000000;0.95;0.193432
16;1000000;0.95;0.198094
17;1000000;0.95;0.196
18;1000000;0.95;0.19184
19;1000000;0.95;0.192898
20;1000000;0.95;0.193234
21;1000000;0.95;0.194473
22;1000000;0.95;0.195642
23;1000000;0.95;0.192867
24;1000000;0.95;0.192632
25;1000000;0.95;0.193527
26;1000000;0.95;0.198349
27;1000000;0.95;0.196289
28;1000000;0.95;0.192895
29;1000000;0.95;0.19239
30;1000000;0.95;0.192257
31;1000000;0.95;0.194358
32;1000000;0.95;0.194237
33;1000000;0.95;0.193161
34;1000000;0.95;0.194792
35;1000000;0.95;0.192719
36;1000000;0.95;0.19344
37;1000000;0.95;0.197139
38;1000000;0.95;0.194065
39;1000000;0.95;0.193984
40;1000000;0.95;0.195287
41;1000000;0.95;0.192444
42;1000000;0.95;0.193791
43;1000000;0.95;0.193394
44;1000000;0.95;0.194859
45;1000000;0.95;0.193624
46;1000000;0.95;0.193579
47;1000000;0.95;0.195813
48;1000000;0.95;0.195433
49;1000000;0.95;0.192926
50;1000000;0.95;0.192696
51;1000000;0.95;0.194722
52;1000000;0.95;0.193378
53;1000000;0.95;0.195571
54;1000000;0.95;0.19307
55;1000000;0.95;0.193139
56;1000000;0.95;0.192818
57;1000000;0.95;0.193535
58;1000000;0.95;0.19583
59;1000000;0.95;0.196815
60;1000000;0.95;0.192922
61;1000000;0.95;0.194566
62;1000000;0.95;0.192153
63;1000000;0.95;0.194311
64;1000000;0.95;0.193709
65;1000000;0.95;0.192331
66;1000000;0.95;0.194166
67;1000000;0.95;0.192562
68;1000000;0.95;0.195483
69;1000000;0.95;0.193237
70;1000000;0.95;0.193568
71;1000000;0.95;0.195119
72;1000000;0.95;0.193098
73;1000000;0.95;0.193002
74;1000000;0.95;0.194945
75;1000000;0.95;0.193951
76;1000000;0.95;0.193323
77;1000000;0.95;0.193374
78;1000000;0.95;0.194321
79;1000000;0.95;0.191701
80;1000000;0.95;0.193433
81;1000000;0.95;0.192427
82;1000000;0.95;0.193319
83;1000000;0.95;0.194608
84;1000000;0.95;0.194858
85;1000000;0.95;0.193876
86;1000000;0.95;0.192238
87;1000000;0.95;0.194421
88;1000000;0.95;0.193194
89;1000000;0.95;0.195168
90;1000000;0.95;0.191844
91;1000000;0.95;0.192798
92;1000000;0.95;0.192757
93;1000000;0.95;0.192873
94;1000000;0.95;0.194125
95;1000000;0.95;0.191528
96;1000000;0.95;0.192455
97;1000000;0.95;0.19441
98;1000000;0.95;0.19215
99;1000000;0.95;0.280535
0;1000000;0.99;0.190686
1;1000000;0.99;0.189918
2;1000000;0.99;0.19404
3;1000000;0.99;0.189626
4;1000000;0.99;0.191094
5;1000000;0.99;0.189949
6;1000000;0.99;0.192094
7;1000000;0.99;0.191973
8;1000000;0.99;0.196988
9;1000000;0.99;0.189828
10;1000000;0.99;0.189875
11;1000000;0.99;0.191725
12;1000000;0.99;0.18939
13;1000000;0.99;0.190168
14;1000000;0.99;0.191242
15;1000000;0.99;0.188979
16;1000000;0.99;0.19115
17;1000000;0.99;0.193393
18;1000000;0.99;0.191626
19;1000000;0.99;0.191235
20;1000000;0.99;0.188695
21;1000000;0.99;0.190664
22;1000000;0.99;0.193115
23;1000000;0.99;0.190597
24;1000000;0.99;0.190818
25;1000000;0.99;0.190307
26;1000000;0.99;0.189759
27;1000000;0.99;0.191096
28;1000000;0.99;0.187839
29;1000000;0.99;0.189394
30;1000000;0.99;0.191548
31;1000000;0.99;0.18978
32;1000000;0.99;0.18854
33;1000000;0.99;0.191609
34;1000000;0.99;0.192342
35;1000000;0.99;0.190324
36;1000000;0.99;0.190636
37;1000000;0.99;0.192014
38;1000000;0.99;0.191608
39;1000000;0.99;0.188037
40;1000000;0.99;0.190736
41;1000000;0.99;0.19133
42;1000000;0.99;0.192306
43;1000000;0.99;0.192584
44;1000000;0.99;0.191331
45;1000000;0.99;0.189496
46;1000000;0.99;0.190137
47;1000000;0.99;0.189665
48;1000000;0.99;0.191471
49;1000000;0.99;0.188234
50;1000000;0.99;0.190755
51;1000000;0.99;0.189946
52;1000000;0.99;0.189644
53;1000000;0.99;0.189218
54;1000000;0.99;0.189812
55;1000000;0.99;0.192499
56;1000000;0.99;0.18916
57;1000000;0.99;0.191775
58;1000000;0.99;0.1897
59;1000000;0.99;0.188791
60;1000000;0.99;0.189125
61;1000000;0.99;0.19512
62;1000000;0.99;0.189498
63;1000000;0.99;0.189659
64;1000000;0.99;0.192058
65;1000000;0.99;0.188985
66;1000000;0.99;0.190079
67;1000000;0.99;0.191826
68;1000000;0.99;0.191415
69;1000000;0.99;0.189907
70;1000000;0.99;0.190141
71;1000000;0.99;0.189252
72;1000000;0.99;0.188667
73;1000000;0.99;0.190394
74;1000000;0.99;0.190641
75;1000000;0.99;0.193691
76;1000000;0.99;0.189181
77;1000000;0.99;0.185947
78;1000000;0.99;0.189326
79;1000000;0.99;0.189861
80;1000000;0.99;0.187931
81;1000000;0.99;0.188814
82;1000000;0.99;0.191647
83;1000000;0.99;0.190194
84;1000000;0.99;0.188907
85;1000000;0.99;0.193466
86;1000000;0.99;0.191521
87;1000000;0.99;0.190298
88;1000000;0.99;0.190375
89;1000000;0.99;0.189688
90;1000000;0.99;0.189341
91;1000000;0.99;0.190873
92;1000000;0.99;0.189781
93;1000000;0.99;0.189358
94;1000000;0.99;0.189387
95;1000000;0.99;0.191845
96;1000000;0.99;0.189236
97;1000000;0.99;0.19021
98;1000000;0.99;0.191915
99;1000000;0.99;0.277747
0;1000000;0.997;0.190999
1;1000000;0.997;0.189839
2;1000000;0.997;0.188311
3;1000000;0.997;0.189239
4;1000000;0.997;0.188662
5;1000000;0.997;0.188959
6;1000000;0.997;0.191317
7;1000000;0.997;0.190077
8;1000000;0.997;0.190134
9;1000000;0.997;0.19337
10;1000000;0.997;0.191568
11;1000000;0.997;0.188744
12;1000000;0.997;0.189624
13;1000000;0.997;0.189381
14;1000000;0.997;0.187756
15;1000000;0.997;0.188553
16;1000000;0.997;0.189077
17;1000000;0.997;0.190025
18;1000000;0.997;0.190537
19;1000000;0.997;0.189126
20;1000000;0.997;0.189942
21;1000000;0.997;0.188968
22;1000000;0.997;0.191398
23;1000000;0.997;0.188309
24;1000000;0.997;0.18896
25;1000000;0.997;0.189684
26;1000000;0.997;0.189507
27;1000000;0.997;0.19177
28;1000000;0.997;0.186224
29;1000000;0.997;0.189032
30;1000000;0.997;0.191162
31;1000000;0.997;0.188684
32;1000000;0.997;0.192476
33;1000000;0.997;0.188717
34;1000000;0.997;0.189259
35;1000000;0.997;0.188617
36;1000000;0.997;0.189445
37;1000000;0.997;0.189103
38;1000000;0.997;0.193104
39;1000000;0.997;0.189561
40;1000000;0.997;0.188892
41;1000000;0.997;0.191324
42;1000000;0.997;0.18973
43;1000000;0.997;0.190086
44;1000000;0.997;0.188551
45;1000000;0.997;0.187559
46;1000000;0.997;0.188883
47;1000000;0.997;0.192801
48;1000000;0.997;0.18924
49;1000000;0.997;0.191615
50;1000000;0.997;0.189557
51;1000000;0.997;0.1916
52;1000000;0.997;0.188413
53;1000000;0.997;0.188317
54;1000000;0.997;0.189592
55;1000000;0.997;0.189705
56;1000000;0.997;0.188695
57;1000000;0.997;0.188604
58;1000000;0.997;0.194309
59;1000000;0.997;0.193303
60;1000000;0.997;0.189379
61;1000000;0.997;0.190215
62;1000000;0.997;0.190897
63;1000000;0.997;0.190822
64;1000000;0.997;0.191881
65;1000000;0.997;0.188947
66;1000000;0.997;0.190545
67;1000000;0.997;0.189368
68;1000000;0.997;0.190151
69;1000000;0.997;0.187559
70;1000000;0.997;0.187172
71;1000000;0.997;0.189339
72;1000000;0.997;0.189594
73;1000000;0.997;0.189556
74;1000000;0.997;0.188354
75;1000000;0.997;0.188564
76;1000000;0.997;0.189728
77;1000000;0.997;0.189554
78;1000000;0.997;0.191011
79;1000000;0.997;0.19005
80;1000000;0.997;0.190337
81;1000000;0.997;0.189335
82;1000000;0.997;0.188002
83;1000000;0.997;0.189423
84;1000000;0.997;0.191446
85;1000000;0.997;0.195678
86;1000000;0.997;0.187309
87;1000000;0.997;0.188963
88;1000000;0.997;0.189243
89;1000000;0.997;0.189528
90;1000000;0.997;0.188575
91;1000000;0.997;0.189815
92;1000000;0.997;0.190699
93;1000000;0.997;0.187886
94;1000000;0.997;0.187456
95;1000000;0.997;0.19245
96;1000000;0.997;0.19228
97;1000000;0.997;0.188958
98;1000000;0.997;0.188999
99;1000000;0.997;0.195678