0;10000;-1;0.0014141
1;10000;-1;0.0010641
2;10000;-1;0.001076
3;10000;-1;0.0010669
4;10000;-1;0.001047
5;10000;-1;0.0011018
6;10000;-1;0.0011076
7;10000;-1;0.0010884
8;10000;-1;0.0010617
9;10000;-1;0.0011316
10;10000;-1;0.0011935
11;10000;-1;0.0011258
12;10000;-1;0.0011017
13;10000;-1;0.0010959
14;10000;-1;0.0010983
15;10000;-1;0.0010694
16;10000;-1;0.001432
17;10000;-1;0.0011137
18;10000;-1;0.0010617
19;10000;-1;0.0010578
20;10000;-1;0.0010533
21;10000;-1;0.0011085
22;10000;-1;0.0011033
23;10000;-1;0.0010524
24;10000;-1;0.0010639
25;10000;-1;0.0010614
26;10000;-1;0.0010908
27;10000;-1;0.0011278
28;10000;-1;0.0010472
29;10000;-1;0.0010707
30;10000;-1;0.0010462
31;10000;-1;0.001125
32;10000;-1;0.0013127
33;10000;-1;0.001096
34;10000;-1;0.0010491
35;10000;-1;0.0010481
36;10000;-1;0.0010684
37;10000;-1;0.0010539
38;10000;-1;0.0010492
39;10000;-1;0.0010435
40;10000;-1;0.0010636
41;10000;-1;0.0010471
42;10000;-1;0.0010841
43;10000;-1;0.001044
44;10000;-1;0.0010486
45;10000;-1;0.0010514
46;10000;-1;0.0010559
47;10000;-1;0.0010542
48;10000;-1;0.00105
49;10000;-1;0.0010505
50;10000;-1;0.0010622
51;10000;-1;0.0010503
52;10000;-1;0.0010609
53;10000;-1;0.0010508
54;10000;-1;0.0011388
55;10000;-1;0.0010598
56;10000;-1;0.0010565
57;10000;-1;0.0010547
58;10000;-1;0.0010869
59;10000;-1;0.001051
60;10000;-1;0.0011566
61;10000;-1;0.001284
62;10000;-1;0.0012372
63;10000;-1;0.0011024
64;10000;-1;0.0010596
65;10000;-1;0.0010918
66;10000;-1;0.001104
67;10000;-1;0.0011684
68;10000;-1;0.0013924
69;10000;-1;0.0012314
70;10000;-1;0.0011112
71;10000;-1;0.0011476
72;10000;-1;0.0013094
73;10000;-1;0.0010617
74;10000;-1;0.0011641
75;10000;-1;0.0011216
76;10000;-1;0.0010485
77;10000;-1;0.0011738
78;10000;-1;0.0010405
79;10000;-1;0.0011875
80;10000;-1;0.001043
81;10000;-1;0.0010717
82;10000;-1;0.0013943
83;10000;-1;0.0010764
84;10000;-1;0.0012532
85;10000;-1;0.0010567
86;10000;-1;0.0010776
87;10000;-1;0.0011543
88;10000;-1;0.0010736
89;10000;-1;0.0010919
90;10000;-1;0.0011342
91;10000;-1;0.0010585
92;10000;-1;0.0010782
93;10000;-1;0.0010515
94;10000;-1;0.0011103
95;10000;-1;0.0010522
96;10000;-1;0.0011618
97;10000;-1;0.0010922
98;10000;-1;0.0010621
99;10000;-1;0.001957
0;10000;1;0.0018245
1;10000;1;0.0018814
2;10000;1;0.0018211
3;10000;1;0.0018156
4;10000;1;0.002349
5;10000;1;0.0018088
6;10000;1;0.0019042
7;10000;1;0.0017196
8;10000;1;0.0017416
9;10000;1;0.0018615
10;10000;1;0.0018987
11;10000;1;0.0018204
12;10000;1;0.0017777
13;10000;1;0.0018324
14;10000;1;0.0017624
15;10000;1;0.001875
16;10000;1;0.0017512
17;10000;1;0.0018466
18;10000;1;0.0018286
19;10000;1;0.0018078
20;10000;1;0.0019582
21;10000;1;0.0017485
22;10000;1;0.0017823
23;10000;1;0.0017475
24;10000;1;0.0018453
25;10000;1;0.0017505
26;10000;1;0.0018492
27;10000;1;0.001786
28;10000;1;0.0018567
29;10000;1;0.002045
30;10000;1;0.0020958
31;10000;1;0.00182
32;10000;1;0.001762
33;10000;1;0.0019647
34;10000;1;0.001747
35;10000;1;0.0016864
36;10000;1;0.0017122
37;10000;1;0.0017462
38;10000;1;0.0018755
39;10000;1;0.0018075
40;10000;1;0.0018626
41;10000;1;0.0018032
42;10000;1;0.0017818
43;10000;1;0.0022434
44;10000;1;0.0017244
45;10000;1;0.0017562
46;10000;1;0.0017064
47;10000;1;0.0017243
48;10000;1;0.0017711
49;10000;1;0.0016912
50;10000;1;0.0018222
51;10000;1;0.0020597
52;10000;1;0.0018447
53;10000;1;0.0017954
54;10000;1;0.0017177
55;10000;1;0.0019377
56;10000;1;0.0017151
57;10000;1;0.0017777
58;10000;1;0.0018488
59;10000;1;0.0017546
60;10000;1;0.00186
61;10000;1;0.0018127
62;10000;1;0.0018673
63;10000;1;0.0017135
64;10000;1;0.0021236
65;10000;1;0.0017467
66;10000;1;0.0018137
67;10000;1;0.0018175
68;10000;1;0.0018289
69;10000;1;0.0017824
70;10000;1;0.0017514
71;10000;1;0.0018209
72;10000;1;0.0017222
73;10000;1;0.0017172
74;10000;1;0.0017621
75;10000;1;0.0017176
76;10000;1;0.0017784
77;10000;1;0.0022923
78;10000;1;0.0017067
79;10000;1;0.001862
80;10000;1;0.0018065
81;10000;1;0.0018253
82;10000;1;0.001851
83;10000;1;0.0026431
84;10000;1;0.0018753
85;10000;1;0.002382
86;10000;1;0.0018157
87;10000;1;0.0017752
88;10000;1;0.0020859
89;10000;1;0.0018071
90;10000;1;0.0018535
91;10000;1;0.0017464
92;10000;1;0.0018751
93;10000;1;0.0017863
94;10000;1;0.0018219
95;10000;1;0.0021307
96;10000;1;0.0017468
97;10000;1;0.0018844
98;10000;1;0.0017333
99;10000;1;0.0016956
0;10000;0.25;0.0016605
1;10000;0.25;0.0016873
2;10000;0.25;0.0017664
3;10000;0.25;0.00173
4;10000;0.25;0.0018726
5;10000;0.25;0.0017805
6;10000;0.25;0.0016968
7;10000;0.25;0.0017662
8;10000;0.25;0.0017037
9;10000;0.25;0.0018797
10;10000;0.25;0.001674
11;10000;0.25;0.0017223
12;10000;0.25;0.0016646
13;10000;0.25;0.0017036
14;10000;0.25;0.0016888
15;10000;0.25;0.0019889
16;10000;0.25;0.001824
17;10000;0.25;0.0020181
18;10000;0.25;0.0017189
19;10000;0.25;0.0016707
20;10000;0.25;0.0019623
21;10000;0.25;0.0017188
22;10000;0.25;0.0017057
23;10000;0.25;0.0019485
24;10000;0.25;0.0017018
25;10000;0.25;0.0016705
26;10000;0.25;0.0016834
27;10000;0.25;0.0017005
28;10000;0.25;0.0018597
29;10000;0.25;0.001703
30;10000;0.25;0.0019061
31;10000;0.25;0.0017161
32;10000;0.25;0.0017035
33;10000;0.25;0.0016894
34;10000;0.25;0.0016909
35;10000;0.25;0.0016588
36;10000;0.25;0.0019885
37;10000;0.25;0.0019436
38;10000;0.25;0.001712
39;10000;0.25;0.0019813
40;10000;0.25;0.0018084
41;10000;0.25;0.0017781
42;10000;0.25;0.0020033
43;10000;0.25;0.0017362
44;10000;0.25;0.0016591
45;10000;0.25;0.0016842
46;10000;0.25;0.0016707
47;10000;0.25;0.0017376
48;10000;0.25;0.0016725
49;10000;0.25;0.0016887
50;10000;0.25;0.0016799
51;10000;0.25;0.0016756
52;10000;0.25;0.0017441
53;10000;0.25;0.0017016
54;10000;0.25;0.0016678
55;10000;0.25;0.0019768
56;10000;0.25;0.0017603
57;10000;0.25;0.0016958
58;10000;0.25;0.0019262
59;10000;0.25;0.0017905
60;10000;0.25;0.0019782
61;10000;0.25;0.0017351
62;10000;0.25;0.0017466
63;10000;0.25;0.0018438
64;10000;0.25;0.0019366
65;10000;0.25;0.001913
66;10000;0.25;0.0018514
67;10000;0.25;0.0019087
68;10000;0.25;0.0017362
69;10000;0.25;0.0017828
70;10000;0.25;0.0017006
71;10000;0.25;0.0017338
72;10000;0.25;0.002084
73;10000;0.25;0.001815
74;10000;0.25;0.0018361
75;10000;0.25;0.0017604
76;10000;0.25;0.0017837
77;10000;0.25;0.0017183
78;10000;0.25;0.0020509
79;10000;0.25;0.0017417
80;10000;0.25;0.0017682
81;10000;0.25;0.0018504
82;10000;0.25;0.0016976
83;10000;0.25;0.0017648
84;10000;0.25;0.0016672
85;10000;0.25;0.0016955
86;10000;0.25;0.0016876
87;10000;0.25;0.0016846
88;10000;0.25;0.0017437
89;10000;0.25;0.001695
90;10000;0.25;0.001662
91;10000;0.25;0.001681
92;10000;0.25;0.0016622
93;10000;0.25;0.0016818
94;10000;0.25;0.0016741
95;10000;0.25;0.0016931
96;10000;0.25;0.0016843
97;10000;0.25;0.0017787
98;10000;0.25;0.0017347
99;10000;0.25;0.0016629
0;10000;0.5;0.0024222
1;10000;0.5;0.001682
2;10000;0.5;0.0017434
3;10000;0.5;0.0017672
4;10000;0.5;0.0025413
5;10000;0.5;0.0021397
6;10000;0.5;0.002761
7;10000;0.5;0.0018584
8;10000;0.5;0.0021323
9;10000;0.5;0.0018356
10;10000;0.5;0.0020925
11;10000;0.5;0.0031885
12;10000;0.5;0.0021248
13;10000;0.5;0.0032374
14;10000;0.5;0.0022596
15;10000;0.5;0.0017719
16;10000;0.5;0.0017576
17;10000;0.5;0.0017216
18;10000;0.5;0.0031459
19;10000;0.5;0.0020671
20;10000;0.5;0.0017871
21;10000;0.5;0.0021907
22;10000;0.5;0.0026822
23;10000;0.5;0.0019723
24;10000;0.5;0.002581
25;10000;0.5;0.0017742
26;10000;0.5;0.0016891
27;10000;0.5;0.0016635
28;10000;0.5;0.0017606
29;10000;0.5;0.0016957
30;10000;0.5;0.0017245
31;10000;0.5;0.001748
32;10000;0.5;0.0020352
33;10000;0.5;0.0051223
34;10000;0.5;0.0021326
35;10000;0.5;0.0026366
36;10000;0.5;0.0018807
37;10000;0.5;0.0017801
38;10000;0.5;0.001846
39;10000;0.5;0.0019615
40;10000;0.5;0.0025007
41;10000;0.5;0.0018634
42;10000;0.5;0.0019675
43;10000;0.5;0.0018416
44;10000;0.5;0.0017624
45;10000;0.5;0.0034755
46;10000;0.5;0.001806
47;10000;0.5;0.0019179
48;10000;0.5;0.0016661
49;10000;0.5;0.0017207
50;10000;0.5;0.0017816
51;10000;0.5;0.0017576
52;10000;0.5;0.0017715
53;10000;0.5;0.0017374
54;10000;0.5;0.0017061
55;10000;0.5;0.0042397
56;10000;0.5;0.0028166
57;10000;0.5;0.0019053
58;10000;0.5;0.0017483
59;10000;0.5;0.004308
60;10000;0.5;0.0033939
61;10000;0.5;0.0016722
62;10000;0.5;0.0016742
63;10000;0.5;0.0021261
64;10000;0.5;0.0018768
65;10000;0.5;0.0020239
66;10000;0.5;0.0021822
67;10000;0.5;0.0017051
68;10000;0.5;0.0018206
69;10000;0.5;0.001695
70;10000;0.5;0.0019094
71;10000;0.5;0.0016885
72;10000;0.5;0.0021852
73;10000;0.5;0.003268
74;10000;0.5;0.0023841
75;10000;0.5;0.0020463
76;10000;0.5;0.0017402
77;10000;0.5;0.0017054
78;10000;0.5;0.001979
79;10000;0.5;0.0017623
80;10000;0.5;0.0018093
81;10000;0.5;0.0016678
82;10000;0.5;0.0016664
83;10000;0.5;0.0019481
84;10000;0.5;0.0018914
85;10000;0.5;0.0018886
86;10000;0.5;0.0017769
87;10000;0.5;0.0018866
88;10000;0.5;0.0016264
89;10000;0.5;0.0016551
90;10000;0.5;0.0019109
91;10000;0.5;0.003765
92;10000;0.5;0.0021875
93;10000;0.5;0.0018482
94;10000;0.5;0.0020156
95;10000;0.5;0.0023233
96;10000;0.5;0.0016949
97;10000;0.5;0.002165
98;10000;0.5;0.0022944
99;10000;0.5;0.0017322
0;10000;0.75;0.0016815
1;10000;0.75;0.0016184
2;10000;0.75;0.001837
3;10000;0.75;0.0016861
4;10000;0.75;0.001748
5;10000;0.75;0.0019479
6;10000;0.75;0.0019834
7;10000;0.75;0.0018595
8;10000;0.75;0.0015773
9;10000;0.75;0.0014848
10;10000;0.75;0.001748
11;10000;0.75;0.0017273
12;10000;0.75;0.0015855
13;10000;0.75;0.0020898
14;10000;0.75;0.0023874
15;10000;0.75;0.0015374
16;10000;0.75;0.0015058
17;10000;0.75;0.001563
18;10000;0.75;0.0017245
19;10000;0.75;0.0015165
20;10000;0.75;0.0016177
21;10000;0.75;0.0017189
22;10000;0.75;0.001585
23;10000;0.75;0.00176
24;10000;0.75;0.0018919
25;10000;0.75;0.001997
26;10000;0.75;0.0016903
27;10000;0.75;0.0017528
28;10000;0.75;0.0018068
29;10000;0.75;0.0015807
30;10000;0.75;0.0018003
31;10000;0.75;0.0027643
32;10000;0.75;0.0031205
33;10000;0.75;0.0016229
34;10000;0.75;0.0025223
35;10000;0.75;0.0016454
36;10000;0.75;0.0016564
37;10000;0.75;0.0031233
38;10000;0.75;0.001808
39;10000;0.75;0.0025726
40;10000;0.75;0.0015624
41;10000;0.75;0.0015124
42;10000;0.75;0.0015805
43;10000;0.75;0.0017684
44;10000;0.75;0.001558
45;10000;0.75;0.001516
46;10000;0.75;0.0019824
47;10000;0.75;0.0015397
48;10000;0.75;0.0015277
49;10000;0.75;0.0019539
50;10000;0.75;0.0015252
51;10000;0.75;0.0014881
52;10000;0.75;0.0015075
53;10000;0.75;0.0016264
54;10000;0.75;0.0015489
55;10000;0.75;0.0016586
56;10000;0.75;0.0021226
57;10000;0.75;0.0015879
58;10000;0.75;0.001539
59;10000;0.75;0.0015081
60;10000;0.75;0.001517
61;10000;0.75;0.001652
62;10000;0.75;0.0021409
63;10000;0.75;0.0015117
64;10000;0.75;0.0015861
65;10000;0.75;0.0014961
66;10000;0.75;0.0016114
67;10000;0.75;0.001593
68;10000;0.75;0.0015461
69;10000;0.75;0.0015169
70;10000;0.75;0.00148
71;10000;0.75;0.0014923
72;10000;0.75;0.0015445
73;10000;0.75;0.0014707
74;10000;0.75;0.0014924
75;10000;0.75;0.001484
76;10000;0.75;0.0023757
77;10000;0.75;0.001476
78;10000;0.75;0.0015462
79;10000;0.75;0.0014787
80;10000;0.75;0.0014845
81;10000;0.75;0.0014739
82;10000;0.75;0.0014822
83;10000;0.75;0.0014789
84;10000;0.75;0.0014833
85;10000;0.75;0.0014794
86;10000;0.75;0.0014828
87;10000;0.75;0.0014759
88;10000;0.75;0.0015055
89;10000;0.75;0.0014892
90;10000;0.75;0.0014857
91;10000;0.75;0.0015176
92;10000;0.75;0.0014755
93;10000;0.75;0.0014736
94;10000;0.75;0.0014709
95;10000;0.75;0.0014862
96;10000;0.75;0.0014715
97;10000;0.75;0.0014984
98;10000;0.75;0.0014824
99;10000;0.75;0.0017077
0;10000;0.95;0.0013195
1;10000;0.95;0.0014857
2;10000;0.95;0.0013713
3;10000;0.95;0.0013345
4;10000;0.95;0.0013575
5;10000;0.95;0.0013861
6;10000;0.95;0.0016591
7;10000;0.95;0.0016557
8;10000;0.95;0.0015111
9;10000;0.95;0.0013654
10;10000;0.95;0.0014465
11;10000;0.95;0.0015057
12;10000;0.95;0.0016728
13;10000;0.95;0.0014595
14;10000;0.95;0.0014258
15;10000;0.95;0.001478
16;10000;0.95;0.0014726
17;10000;0.95;0.0015164
18;10000;0.95;0.00157
19;10000;0.95;0.0014746
20;10000;0.95;0.0013534
21;10000;0.95;0.0015341
22;10000;0.95;0.0015627
23;10000;0.95;0.0015244
24;10000;0.95;0.0015134
25;10000;0.95;0.00159
26;10000;0.95;0.0013203
27;10000;0.95;0.0014814
28;10000;0.95;0.0013923
29;10000;0.95;0.0014244
30;10000;0.95;0.0013807
31;10000;0.95;0.0014001
32;10000;0.95;0.0015228
33;10000;0.95;0.0014823
34;10000;0.95;0.0021003
35;10000;0.95;0.0015263
36;10000;0.95;0.0015294
37;10000;0.95;0.0014199
38;10000;0.95;0.0013477
39;10000;0.95;0.0019646
40;10000;0.95;0.0013426
41;10000;0.95;0.0014488
42;10000;0.95;0.0014421
43;10000;0.95;0.0015211
44;10000;0.95;0.0015406
45;10000;0.95;0.0014852
46;10000;0.95;0.0014007
47;10000;0.95;0.0015869
48;10000;0.95;0.001385
49;10000;0.95;0.0019029
50;10000;0.95;0.001457
51;10000;0.95;0.0013632
52;10000;0.95;0.0013983
53;10000;0.95;0.0013782
54;10000;0.95;0.0013842
55;10000;0.95;0.0013795
56;10000;0.95;0.0014037
57;10000;0.95;0.001367
58;10000;0.95;0.0014813
59;10000;0.95;0.0013791
60;10000;0.95;0.0013662
61;10000;0.95;0.0016766
62;10000;0.95;0.0014196
63;10000;0.95;0.0013688
64;10000;0.95;0.0013576
65;10000;0.95;0.0013455
66;10000;0.95;0.0013593
67;10000;0.95;0.0013575
68;10000;0.95;0.0013465
69;10000;0.95;0.0013171
70;10000;0.95;0.0013367
71;10000;0.95;0.0013375
72;10000;0.95;0.0014365
73;10000;0.95;0.0013665
74;10000;0.95;0.0013318
75;10000;0.95;0.0013403
76;10000;0.95;0.0013529
77;10000;0.95;0.0014621
78;10000;0.95;0.0016374
79;10000;0.95;0.001419
80;10000;0.95;0.0013653
81;10000;0.95;0.0013624
82;10000;0.95;0.0014337
83;10000;0.95;0.001403
84;10000;0.95;0.001572
85;10000;0.95;0.0013728
86;10000;0.95;0.0013956
87;10000;0.95;0.0015468
88;10000;0.95;0.0015398
89;10000;0.95;0.0013088
90;10000;0.95;0.0014258
91;10000;0.95;0.0013452
92;10000;0.95;0.0014124
93;10000;0.95;0.0013385
94;10000;0.95;0.0013511
95;10000;0.95;0.0015427
96;10000;0.95;0.0014539
97;10000;0.95;0.0013219
98;10000;0.95;0.0013582
99;10000;0.95;0.0018628
0;10000;0.99;0.0014832
1;10000;0.99;0.001367
2;10000;0.99;0.0014607
3;10000;0.99;0.0012496
4;10000;0.99;0.0012424
5;10000;0.99;0.0014867
6;10000;0.99;0.0012397
7;10000;0.99;0.0013582
8;10000;0.99;0.0013487
9;10000;0.99;0.0012475
10;10000;0.99;0.0014296
11;10000;0.99;0.0013724
12;10000;0.99;0.0012527
13;10000;0.99;0.0013103
14;10000;0.99;0.0013302
15;10000;0.99;0.0013102
16;10000;0.99;0.0013207
17;10000;0.99;0.0014636
18;10000;0.99;0.0012515
19;10000;0.99;0.0014336
20;10000;0.99;0.0013663
21;10000;0.99;0.0012672
22;10000;0.99;0.0014893
23;10000;0.99;0.0013513
24;10000;0.99;0.001255
25;10000;0.99;0.0013104
26;10000;0.99;0.001399
27;10000;0.99;0.0012761
28;10000;0.99;0.0015207
29;10000;0.99;0.0014305
30;10000;0.99;0.0012583
31;10000;0.99;0.0012521
32;10000;0.99;0.0014472
33;10000;0.99;0.0015905
34;10000;0.99;0.0012808
35;10000;0.99;0.0014076
36;10000;0.99;0.0012413
37;10000;0.99;0.0014343
38;10000;0.99;0.0012763
39;10000;0.99;0.0012971
40;10000;0.99;0.0012479
41;10000;0.99;0.0014048
42;10000;0.99;0.0012897
43;10000;0.99;0.0013815
44;10000;0.99;0.0012541
45;10000;0.99;0.0012627
46;10000;0.99;0.0012602
47;10000;0.99;0.0012851
48;10000;0.99;0.0014236
49;10000;0.99;0.0013423
50;10000;0.99;0.0013718
51;10000;0.99;0.0012416
52;10000;0.99;0.0013141
53;10000;0.99;0.0013597
54;10000;0.99;0.0012378
55;10000;0.99;0.0012398
56;10000;0.99;0.0012773
57;10000;0.99;0.0012573
58;10000;0.99;0.0012539
59;10000;0.99;0.0012386
60;10000;0.99;0.0012425
61;10000;0.99;0.0012224
62;10000;0.99;0.0012607
63;10000;0.99;0.0012451
64;10000;0.99;0.0012262
65;10000;0.99;0.0012275
66;10000;0.99;0.0012584
67;10000;0.99;0.0013114
68;10000;0.99;0.0012317
69;10000;0.99;0.0013125
70;10000;0.99;0.0015938
71;10000;0.99;0.0012619
72;10000;0.99;0.0013928
73;10000;0.99;0.0012714
74;10000;0.99;0.0015439
75;10000;0.99;0.0012996
76;10000;0.99;0.0014164
77;10000;0.99;0.001267
78;10000;0.99;0.0013361
79;10000;0.99;0.0012909
80;10000;0.99;0.0012999
81;10000;0.99;0.0014869
82;10000;0.99;0.0013378
83;10000;0.99;0.0013397
84;10000;0.99;0.0012881
85;10000;0.99;0.0013493
86;10000;0.99;0.0013347
87;10000;0.99;0.0014047
88;10000;0.99;0.0012505
89;10000;0.99;0.0015379
90;10000;0.99;0.0013174
91;10000;0.99;0.0014628
92;10000;0.99;0.0012529
93;10000;0.99;0.0013456
94;10000;0.99;0.0014424
95;10000;0.99;0.0013482
96;10000;0.99;0.0013174
97;10000;0.99;0.0017047
98;10000;0.99;0.0012944
99;10000;0.99;0.0017357
0;10000;0.997;0.001395
1;10000;0.997;0.001249
2;10000;0.997;0.0012377
3;10000;0.997;0.0012819
4;10000;0.997;0.0012353
5;10000;0.997;0.0012799
6;10000;0.997;0.0012936
7;10000;0.997;0.0013379
8;10000;0.997;0.0012572
9;10000;0.997;0.0012518
10;10000;0.997;0.0016877
11;10000;0.997;0.0013077
12;10000;0.997;0.0013586
13;10000;0.997;0.0013448
14;10000;0.997;0.0012282
15;10000;0.997;0.0012337
16;10000;0.997;0.0012435
17;10000;0.997;0.001264
18;10000;0.997;0.0012271
19;10000;0.997;0.0012652
20;10000;0.997;0.0013761
21;10000;0.997;0.0012658
22;10000;0.997;0.0012735
23;10000;0.997;0.0012507
24;10000;0.997;0.0012799
25;10000;0.997;0.0012748
26;10000;0.997;0.0012014
27;10000;0.997;0.0012275
28;10000;0.997;0.0012852
29;10000;0.997;0.0014757
30;10000;0.997;0.0012272
31;10000;0.997;0.0012441
32;10000;0.997;0.0015077
33;10000;0.997;0.0012249
34;10000;0.997;0.0012976
35;10000;0.997;0.0013156
36;10000;0.997;0.0014621
37;10000;0.997;0.001431
38;10000;0.997;0.0012394
39;10000;0.997;0.0012275
40;10000;0.997;0.0012714
41;10000;0.997;0.0012232
42;10000;0.997;0.0012388
43;10000;0.997;0.0012323
44;10000;0.997;0.0012218
45;10000;0.997;0.0012222
46;10000;0.997;0.0012428
47;10000;0.997;0.0012268
48;10000;0.997;0.0012203
49;10000;0.997;0.0012249
50;10000;0.997;0.0012215
51;10000;0.997;0.0017838
52;10000;0.997;0.0012092
53;10000;0.997;0.0012354
54;10000;0.997;0.0012297
55;10000;0.997;0.0012819
56;10000;0.997;0.0012134
57;10000;0.997;0.0012283
58;10000;0.997;0.0015498
59;10000;0.997;0.0013511
60;10000;0.997;0.0012418
61;10000;0.997;0.0013675
62;10000;0.997;0.0014076
63;10000;0.997;0.0014006
64;10000;0.997;0.0012228
65;10000;0.997;0.0012323
66;10000;0.997;0.0012188
67;10000;0.997;0.0012287
68;10000;0.997;0.0012423
69;10000;0.997;0.0012151
70;10000;0.997;0.0012162
71;10000;0.997;0.001221
72;10000;0.997;0.0012321
73;10000;0.997;0.0012267
74;10000;0.997;0.0012188
75;10000;0.997;0.0012261
76;10000;0.997;0.0016157
77;10000;0.997;0.0012408
78;10000;0.997;0.0012292
79;10000;0.997;0.0012287
80;10000;0.997;0.0013763
81;10000;0.997;0.0015744
82;10000;0.997;0.0012371
83;10000;0.997;0.0014072
84;10000;0.997;0.0013859
85;10000;0.997;0.0012587
86;10000;0.997;0.0012668
87;10000;0.997;0.0012167
88;10000;0.997;0.0011994
89;10000;0.997;0.0012682
90;10000;0.997;0.0012243
91;10000;0.997;0.0012978
92;10000;0.997;0.0012128
93;10000;0.997;0.0012022
94;10000;0.997;0.0012509
95;10000;0.997;0.0012155
96;10000;0.997;0.0014981
97;10000;0.997;0.001222
98;10000;0.997;0.0012197
99;10000;0.997;0.001735
0;50000;-1;0.0068024
1;50000;-1;0.0062705
2;50000;-1;0.0057995
3;50000;-1;0.0064183
4;50000;-1;0.0062782
5;50000;-1;0.0057699
6;50000;-1;0.0058925
7;50000;-1;0.0061886
8;50000;-1;0.0061526
9;50000;-1;0.006404
10;50000;-1;0.0060637
11;50000;-1;0.0057646
12;50000;-1;0.0057595
13;50000;-1;0.0064867
14;50000;-1;0.0063277
15;50000;-1;0.0134541
16;50000;-1;0.0076023
17;50000;-1;0.0058959
18;50000;-1;0.0063371
19;50000;-1;0.005803
20;50000;-1;0.0060318
21;50000;-1;0.0058742
22;50000;-1;0.005873
23;50000;-1;0.0060762
24;50000;-1;0.005863
25;50000;-1;0.0059299
26;50000;-1;0.0061867
27;50000;-1;0.0058527
28;50000;-1;0.0063222
29;50000;-1;0.0059507
30;50000;-1;0.0061306
31;50000;-1;0.0066091
32;50000;-1;0.006096
33;50000;-1;0.005833
34;50000;-1;0.0058918
35;50000;-1;0.0059817
36;50000;-1;0.0057606
37;50000;-1;0.0063941
38;50000;-1;0.0068615
39;50000;-1;0.006333
40;50000;-1;0.0066812
41;50000;-1;0.0062138
42;50000;-1;0.0059946
43;50000;-1;0.0061356
44;50000;-1;0.0064312
45;50000;-1;0.0058802
46;50000;-1;0.0060209
47;50000;-1;0.0060776
48;50000;-1;0.0059928
49;50000;-1;0.0066778
50;50000;-1;0.0063251
51;50000;-1;0.0067492
52;50000;-1;0.0061236
53;50000;-1;0.0059233
54;50000;-1;0.0068309
55;50000;-1;0.0097978
56;50000;-1;0.0069259
57;50000;-1;0.0059413
58;50000;-1;0.0059386
59;50000;-1;0.0058255
60;50000;-1;0.0058617
61;50000;-1;0.005922
62;50000;-1;0.0059495
63;50000;-1;0.0062201
64;50000;-1;0.0057552
65;50000;-1;0.0061967
66;50000;-1;0.0066048
67;50000;-1;0.0058735
68;50000;-1;0.0074837
69;50000;-1;0.0065667
70;50000;-1;0.0062154
71;50000;-1;0.006542
72;50000;-1;0.0061641
73;50000;-1;0.0066539
74;50000;-1;0.0061361
75;50000;-1;0.0064967
76;50000;-1;0.0060881
77;50000;-1;0.0060366
78;50000;-1;0.0064883
79;50000;-1;0.0061847
80;50000;-1;0.0072043
81;50000;-1;0.0064123
82;50000;-1;0.0061721
83;50000;-1;0.006196
84;50000;-1;0.0066882
85;50000;-1;0.0061289
86;50000;-1;0.0063692
87;50000;-1;0.0060443
88;50000;-1;0.0058901
89;50000;-1;0.0057569
90;50000;-1;0.0061732
91;50000;-1;0.0059036
92;50000;-1;0.0058993
93;50000;-1;0.0062046
94;50000;-1;0.0059712
95;50000;-1;0.0067037
96;50000;-1;0.0061212
97;50000;-1;0.0060342
98;50000;-1;0.00652
99;50000;-1;0.0089691
0;50000;1;0.0110658
1;50000;1;0.0095658
2;50000;1;0.0099894
3;50000;1;0.0102904
4;50000;1;0.0102116
5;50000;1;0.0097573
6;50000;1;0.0100558
7;50000;1;0.0101626
8;50000;1;0.0099579
9;50000;1;0.0100187
10;50000;1;0.0095393
11;50000;1;0.0093266
12;50000;1;0.0101367
13;50000;1;0.0103925
14;50000;1;0.0100723
15;50000;1;0.0104261
16;50000;1;0.0102641
17;50000;1;0.0096092
18;50000;1;0.0093729
19;50000;1;0.0091925
20;50000;1;0.0091707
21;50000;1;0.0092325
22;50000;1;0.0095624
23;50000;1;0.009471
24;50000;1;0.0092848
25;50000;1;0.0094198
26;50000;1;0.0090438
27;50000;1;0.0091806
28;50000;1;0.0093026
29;50000;1;0.0095813
30;50000;1;0.0099205
31;50000;1;0.0098739
32;50000;1;0.0095769
33;50000;1;0.0090788
34;50000;1;0.0098188
35;50000;1;0.009491
36;50000;1;0.0102887
37;50000;1;0.0096912
38;50000;1;0.0096664
39;50000;1;0.0094044
40;50000;1;0.009295
41;50000;1;0.0096582
42;50000;1;0.0097194
43;50000;1;0.0096103
44;50000;1;0.0089893
45;50000;1;0.0099725
46;50000;1;0.0096
47;50000;1;0.0098012
48;50000;1;0.0099498
49;50000;1;0.0097943
50;50000;1;0.0096279
51;50000;1;0.0092196
52;50000;1;0.0092187
53;50000;1;0.0094332
54;50000;1;0.011751
55;50000;1;0.0109522
56;50000;1;0.0124906
57;50000;1;0.0111617
58;50000;1;0.0094623
59;50000;1;0.0094306
60;50000;1;0.0096178
61;50000;1;0.0095142
62;50000;1;0.0093024
63;50000;1;0.0099535
64;50000;1;0.0095098
65;50000;1;0.009899
66;50000;1;0.0103636
67;50000;1;0.0096803
68;50000;1;0.0093733
69;50000;1;0.0095921
70;50000;1;0.0098062
71;50000;1;0.0096687
72;50000;1;0.0097349
73;50000;1;0.0099396
74;50000;1;0.0098822
75;50000;1;0.0094324
76;50000;1;0.009267
77;50000;1;0.0099434
78;50000;1;0.0094981
79;50000;1;0.0096493
80;50000;1;0.0095934
81;50000;1;0.0096558
82;50000;1;0.0092486
83;50000;1;0.0122781
84;50000;1;0.0097578
85;50000;1;0.0100212
86;50000;1;0.0102035
87;50000;1;0.0100703
88;50000;1;0.0098677
89;50000;1;0.0099747
90;50000;1;0.0101313
91;50000;1;0.0099746
92;50000;1;0.0106144
93;50000;1;0.0110286
94;50000;1;0.0098117
95;50000;1;0.0105433
96;50000;1;0.0092475
97;50000;1;0.0093809
98;50000;1;0.0091084
99;50000;1;0.0091552
0;50000;0.25;0.0091673
1;50000;0.25;0.00898
2;50000;0.25;0.008974
3;50000;0.25;0.0094745
4;50000;0.25;0.0095091
5;50000;0.25;0.0097159
6;50000;0.25;0.0089682
7;50000;0.25;0.0089092
8;50000;0.25;0.0095807
9;50000;0.25;0.0091586
10;50000;0.25;0.0091411
11;50000;0.25;0.008871
12;50000;0.25;0.0089653
13;50000;0.25;0.009822
14;50000;0.25;0.0094774
15;50000;0.25;0.0093456
16;50000;0.25;0.0090163
17;50000;0.25;0.0092459
18;50000;0.25;0.0090307
19;50000;0.25;0.0097207
20;50000;0.25;0.0097145
21;50000;0.25;0.0095062
22;50000;0.25;0.0095322
23;50000;0.25;0.0095416
24;50000;0.25;0.0095576
25;50000;0.25;0.0092982
26;50000;0.25;0.0099215
27;50000;0.25;0.0093563
28;50000;0.25;0.0098587
29;50000;0.25;0.0095786
30;50000;0.25;0.0095597
31;50000;0.25;0.0094106
32;50000;0.25;0.0090522
33;50000;0.25;0.009195
34;50000;0.25;0.0091221
35;50000;0.25;0.0090524
36;50000;0.25;0.0089542
37;50000;0.25;0.0089748
38;50000;0.25;0.0090514
39;50000;0.25;0.0089205
40;50000;0.25;0.0089762
41;50000;0.25;0.0089865
42;50000;0.25;0.0090596
43;50000;0.25;0.0096082
44;50000;0.25;0.0094086
45;50000;0.25;0.0094315
46;50000;0.25;0.0088508
47;50000;0.25;0.0091162
48;50000;0.25;0.0091888
49;50000;0.25;0.0094628
50;50000;0.25;0.0098144
51;50000;0.25;0.0091741
52;50000;0.25;0.0095319
53;50000;0.25;0.009017
54;50000;0.25;0.0093453
55;50000;0.25;0.0090562
56;50000;0.25;0.0090176
57;50000;0.25;0.0091886
58;50000;0.25;0.0093473
59;50000;0.25;0.0092808
60;50000;0.25;0.0090087
61;50000;0.25;0.0090841
62;50000;0.25;0.0092877
63;50000;0.25;0.009166
64;50000;0.25;0.008971
65;50000;0.25;0.0092132
66;50000;0.25;0.0090918
67;50000;0.25;0.0092183
68;50000;0.25;0.0093285
69;50000;0.25;0.0099782
70;50000;0.25;0.0088954
71;50000;0.25;0.0091786
72;50000;0.25;0.0088367
73;50000;0.25;0.0088853
74;50000;0.25;0.0092705
75;50000;0.25;0.0090319
76;50000;0.25;0.00928
77;50000;0.25;0.009101
78;50000;0.25;0.0090061
79;50000;0.25;0.0093378
80;50000;0.25;0.0091898
81;50000;0.25;0.008845
82;50000;0.25;0.0090757
83;50000;0.25;0.0100259
84;50000;0.25;0.0090705
85;50000;0.25;0.0093918
86;50000;0.25;0.0094027
87;50000;0.25;0.0092423
88;50000;0.25;0.0091578
89;50000;0.25;0.0101091
90;50000;0.25;0.0092462
91;50000;0.25;0.0098468
92;50000;0.25;0.0094056
93;50000;0.25;0.0090895
94;50000;0.25;0.0093308
95;50000;0.25;0.0093704
96;50000;0.25;0.009343
97;50000;0.25;0.0092905
98;50000;0.25;0.0092254
99;50000;0.25;0.0094199
0;50000;0.5;0.0289091
1;50000;0.5;0.0109167
2;50000;0.5;0.0184125
3;50000;0.5;0.0091184
4;50000;0.5;0.0117603
5;50000;0.5;0.0108879
6;50000;0.5;0.0193766
7;50000;0.5;0.0101441
8;50000;0.5;0.0088638
9;50000;0.5;0.0088521
10;50000;0.5;0.0096077
11;50000;0.5;0.0090766
12;50000;0.5;0.0098806
13;50000;0.5;0.0093903
14;50000;0.5;0.0087786
15;50000;0.5;0.0106905
16;50000;0.5;0.010392
17;50000;0.5;0.0247172
18;50000;0.5;0.0116625
19;50000;0.5;0.0092407
20;50000;0.5;0.0188467
21;50000;0.5;0.0145355
22;50000;0.5;0.0097026
23;50000;0.5;0.0097834
24;50000;0.5;0.0108206
25;50000;0.5;0.0103865
26;50000;0.5;0.0240103
27;50000;0.5;0.0092656
28;50000;0.5;0.0089267
29;50000;0.5;0.0224799
30;50000;0.5;0.008736
31;50000;0.5;0.0220679
32;50000;0.5;0.0088998
33;50000;0.5;0.0096662
34;50000;0.5;0.0188768
35;50000;0.5;0.0136433
36;50000;0.5;0.0103967
37;50000;0.5;0.0099638
38;50000;0.5;0.0101579
39;50000;0.5;0.0103564
40;50000;0.5;0.0116131
41;50000;0.5;0.0128453
42;50000;0.5;0.0224923
43;50000;0.5;0.0130228
44;50000;0.5;0.0099509
45;50000;0.5;0.0090062
46;50000;0.5;0.0092214
47;50000;0.5;0.0091935
48;50000;0.5;0.0089119
49;50000;0.5;0.0111559
50;50000;0.5;0.0098832
51;50000;0.5;0.0199814
52;50000;0.5;0.0092096
53;50000;0.5;0.0089545
54;50000;0.5;0.0221944
55;50000;0.5;0.0166677
56;50000;0.5;0.0093437
57;50000;0.5;0.016315
58;50000;0.5;0.0185093
59;50000;0.5;0.0090862
60;50000;0.5;0.0146723
61;50000;0.5;0.0091786
62;50000;0.5;0.0105346
63;50000;0.5;0.0161542
64;50000;0.5;0.0117771
65;50000;0.5;0.0093228
66;50000;0.5;0.0098251
67;50000;0.5;0.0234041
68;50000;0.5;0.0145949
69;50000;0.5;0.0097709
70;50000;0.5;0.0091696
71;50000;0.5;0.0095194
72;50000;0.5;0.0111883
73;50000;0.5;0.0104658
74;50000;0.5;0.0154103
75;50000;0.5;0.0159
76;50000;0.5;0.0093423
77;50000;0.5;0.0196805
78;50000;0.5;0.0109389
79;50000;0.5;0.0092641
80;50000;0.5;0.017167
81;50000;0.5;0.0101264
82;50000;0.5;0.0129629
83;50000;0.5;0.01279
84;50000;0.5;0.0090812
85;50000;0.5;0.0150451
86;50000;0.5;0.0297336
87;50000;0.5;0.0109753
88;50000;0.5;0.0091708
89;50000;0.5;0.0110335
90;50000;0.5;0.0257864
91;50000;0.5;0.0093213
92;50000;0.5;0.0096287
93;50000;0.5;0.0101617
94;50000;0.5;0.012533
95;50000;0.5;0.0095166
96;50000;0.5;0.0269468
97;50000;0.5;0.0115426
98;50000;0.5;0.0125888
99;50000;0.5;0.0092745
0;50000;0.75;0.0080145
1;50000;0.75;0.0081523
2;50000;0.75;0.0081492
3;50000;0.75;0.0081937
4;50000;0.75;0.0077768
5;50000;0.75;0.0088416
6;50000;0.75;0.0081764
7;50000;0.75;0.0082491
8;50000;0.75;0.0080561
9;50000;0.75;0.0079127
10;50000;0.75;0.0079263
11;50000;0.75;0.0080472
12;50000;0.75;0.0078255
13;50000;0.75;0.0078879
14;50000;0.75;0.0078074
15;50000;0.75;0.0085701
16;50000;0.75;0.0084138
17;50000;0.75;0.0078722
18;50000;0.75;0.0079783
19;50000;0.75;0.008162
20;50000;0.75;0.0081072
21;50000;0.75;0.0082102
22;50000;0.75;0.0077995
23;50000;0.75;0.0077848
24;50000;0.75;0.0083687
25;50000;0.75;0.0079936
26;50000;0.75;0.0083699
27;50000;0.75;0.0080181
28;50000;0.75;0.0081175
29;50000;0.75;0.008543
30;50000;0.75;0.0077422
31;50000;0.75;0.0087427
32;50000;0.75;0.0079522
33;50000;0.75;0.0084205
34;50000;0.75;0.0083181
35;50000;0.75;0.0077275
36;50000;0.75;0.0078635
37;50000;0.75;0.0081372
38;50000;0.75;0.0079694
39;50000;0.75;0.0088502
40;50000;0.75;0.0078594
41;50000;0.75;0.0078628
42;50000;0.75;0.0082699
43;50000;0.75;0.008062
44;50000;0.75;0.0080834
45;50000;0.75;0.007901
46;50000;0.75;0.007977
47;50000;0.75;0.0081166
48;50000;0.75;0.0080653
49;50000;0.75;0.0082112
50;50000;0.75;0.0080839
51;50000;0.75;0.0081153
52;50000;0.75;0.0080484
53;50000;0.75;0.0078931
54;50000;0.75;0.0079349
55;50000;0.75;0.0081684
56;50000;0.75;0.0081846
57;50000;0.75;0.0081659
58;50000;0.75;0.0081118
59;50000;0.75;0.0078221
60;50000;0.75;0.0084273
61;50000;0.75;0.0084912
62;50000;0.75;0.0078806
63;50000;0.75;0.007903
64;50000;0.75;0.0079873
65;50000;0.75;0.0080693
66;50000;0.75;0.0084044
67;50000;0.75;0.0080747
68;50000;0.75;0.0084266
69;50000;0.75;0.0082231
70;50000;0.75;0.0080543
71;50000;0.75;0.008144
72;50000;0.75;0.0088338
73;50000;0.75;0.0079904
74;50000;0.75;0.0079663
75;50000;0.75;0.0079721
76;50000;0.75;0.0081056
77;50000;0.75;0.0078552
78;50000;0.75;0.0077685
79;50000;0.75;0.0078112
80;50000;0.75;0.0081613
81;50000;0.75;0.0080387
82;50000;0.75;0.0079416
83;50000;0.75;0.0079804
84;50000;0.75;0.0079174
85;50000;0.75;0.0079427
86;50000;0.75;0.0078073
87;50000;0.75;0.0078718
88;50000;0.75;0.0080816
89;50000;0.75;0.0082216
90;50000;0.75;0.0079794
91;50000;0.75;0.0078823
92;50000;0.75;0.008477
93;50000;0.75;0.0079578
94;50000;0.75;0.0084585
95;50000;0.75;0.0078247
96;50000;0.75;0.0080367
97;50000;0.75;0.0079809
98;50000;0.75;0.0083428
99;50000;0.75;0.0092621
0;50000;0.95;0.0072403
1;50000;0.95;0.0071392
2;50000;0.95;0.0076121
3;50000;0.95;0.0080704
4;50000;0.95;0.0075395
5;50000;0.95;0.0071893
6;50000;0.95;0.0076932
7;50000;0.95;0.0072868
8;50000;0.95;0.0074193
9;50000;0.95;0.007872
10;50000;0.95;0.0076071
11;50000;0.95;0.007534
12;50000;0.95;0.0072471
13;50000;0.95;0.0070677
14;50000;0.95;0.0080968
15;50000;0.95;0.0074811
16;50000;0.95;0.0071913
17;50000;0.95;0.0073016
18;50000;0.95;0.007544
19;50000;0.95;0.0074884
20;50000;0.95;0.0076525
21;50000;0.95;0.0070089
22;50000;0.95;0.0076037
23;50000;0.95;0.0076215
24;50000;0.95;0.0074634
25;50000;0.95;0.0072717
26;50000;0.95;0.0075903
27;50000;0.95;0.0076533
28;50000;0.95;0.0074016
29;50000;0.95;0.0074891
30;50000;0.95;0.0073065
31;50000;0.95;0.0078149
32;50000;0.95;0.0071352
33;50000;0.95;0.0071599
34;50000;0.95;0.0078668
35;50000;0.95;0.0075784
36;50000;0.95;0.0073929
37;50000;0.95;0.0074146
38;50000;0.95;0.0073431
39;50000;0.95;0.0074894
40;50000;0.95;0.0074129
41;50000;0.95;0.0079709
42;50000;0.95;0.0079714
43;50000;0.95;0.0076433
44;50000;0.95;0.0076069
45;50000;0.95;0.0073922
46;50000;0.95;0.0075859
47;50000;0.95;0.0073711
48;50000;0.95;0.0072743
49;50000;0.95;0.0071619
50;50000;0.95;0.0072266
51;50000;0.95;0.0073134
52;50000;0.95;0.0074524
53;50000;0.95;0.0076853
54;50000;0.95;0.0074489
55;50000;0.95;0.0074553
56;50000;0.95;0.0076464
57;50000;0.95;0.0072896
58;50000;0.95;0.0072884
59;50000;0.95;0.0070593
60;50000;0.95;0.007557
61;50000;0.95;0.0072458
62;50000;0.95;0.0072289
63;50000;0.95;0.0072357
64;50000;0.95;0.0076681
65;50000;0.95;0.0073546
66;50000;0.95;0.0073434
67;50000;0.95;0.007478
68;50000;0.95;0.0075229
69;50000;0.95;0.0078791
70;50000;0.95;0.0072374
71;50000;0.95;0.00723
72;50000;0.95;0.0074081
73;50000;0.95;0.0076058
74;50000;0.95;0.0072632
75;50000;0.95;0.0073276
76;50000;0.95;0.007203
77;50000;0.95;0.0080107
78;50000;0.95;0.0075109
79;50000;0.95;0.0075951
80;50000;0.95;0.0070992
81;50000;0.95;0.007646
82;50000;0.95;0.007754
83;50000;0.95;0.0076512
84;50000;0.95;0.0073078
85;50000;0.95;0.007809
86;50000;0.95;0.007325
87;50000;0.95;0.0072403
88;50000;0.95;0.0074785
89;50000;0.95;0.0073236
90;50000;0.95;0.0075684
91;50000;0.95;0.0072918
92;50000;0.95;0.0072291
93;50000;0.95;0.0077303
94;50000;0.95;0.0074338
95;50000;0.95;0.0073075
96;50000;0.95;0.0072121
97;50000;0.95;0.0073542
98;50000;0.95;0.007609
99;50000;0.95;0.0095075
0;50000;0.99;0.0067739
1;50000;0.99;0.0071807
2;50000;0.99;0.0071212
3;50000;0.99;0.0068929
4;50000;0.99;0.0070332
5;50000;0.99;0.0070825
6;50000;0.99;0.0069839
7;50000;0.99;0.006853
8;50000;0.99;0.007112
9;50000;0.99;0.0068864
10;50000;0.99;0.0068049
11;50000;0.99;0.006696
12;50000;0.99;0.0068592
13;50000;0.99;0.0067096
14;50000;0.99;0.0067224
15;50000;0.99;0.0069748
16;50000;0.99;0.0069452
17;50000;0.99;0.0066502
18;50000;0.99;0.0066956
19;50000;0.99;0.0066595
20;50000;0.99;0.0066472
21;50000;0.99;0.0066441
22;50000;0.99;0.0066573
23;50000;0.99;0.0066532
24;50000;0.99;0.0066405
25;50000;0.99;0.0066632
26;50000;0.99;0.0068751
27;50000;0.99;0.0067275
28;50000;0.99;0.0070443
29;50000;0.99;0.0068006
30;50000;0.99;0.0070429
31;50000;0.99;0.0067612
32;50000;0.99;0.006799
33;50000;0.99;0.006676
34;50000;0.99;0.0070705
35;50000;0.99;0.0073409
36;50000;0.99;0.0067144
37;50000;0.99;0.0065822
38;50000;0.99;0.0076261
39;50000;0.99;0.0067202
40;50000;0.99;0.0067012
41;50000;0.99;0.0066146
42;50000;0.99;0.0070269
43;50000;0.99;0.0066965
44;50000;0.99;0.0065656
45;50000;0.99;0.0070077
46;50000;0.99;0.00728
47;50000;0.99;0.0065746
48;50000;0.99;0.0068918
49;50000;0.99;0.0071756
50;50000;0.99;0.0070611
51;50000;0.99;0.0066419
52;50000;0.99;0.0067128
53;50000;0.99;0.0075371
54;50000;0.99;0.0071971
55;50000;0.99;0.0066302
56;50000;0.99;0.0066673
57;50000;0.99;0.0070748
58;50000;0.99;0.0069845
59;50000;0.99;0.0065821
60;50000;0.99;0.0067656
61;50000;0.99;0.0070316
62;50000;0.99;0.0070614
63;50000;0.99;0.0070099
64;50000;0.99;0.0067149
65;50000;0.99;0.0072626
66;50000;0.99;0.0067372
67;50000;0.99;0.0070119
68;50000;0.99;0.0068886
69;50000;0.99;0.0070079
70;50000;0.99;0.0067518
71;50000;0.99;0.0066106
72;50000;0.99;0.0070184
73;50000;0.99;0.0066165
74;50000;0.99;0.0065444
75;50000;0.99;0.0066817
76;50000;0.99;0.0070907
77;50000;0.99;0.0072951
78;50000;0.99;0.0066157
79;50000;0.99;0.0068515
80;50000;0.99;0.0069891
81;50000;0.99;0.0067984
82;50000;0.99;0.0069514
83;50000;0.99;0.006544
84;50000;0.99;0.0070346
85;50000;0.99;0.0067929
86;50000;0.99;0.0067914
87;50000;0.99;0.0071427
88;50000;0.99;0.0069643
89;50000;0.99;0.0066726
90;50000;0.99;0.0066092
91;50000;0.99;0.0070367
92;50000;0.99;0.0070163
93;50000;0.99;0.0070411
94;50000;0.99;0.0064774
95;50000;0.99;0.0068168
96;50000;0.99;0.007126
97;50000;0.99;0.0069017
98;50000;0.99;0.0066347
99;50000;0.99;0.00975
0;50000;0.997;0.0064682
1;50000;0.997;0.0066425
2;50000;0.997;0.0068996
3;50000;0.997;0.0066259
4;50000;0.997;0.0067351
5;50000;0.997;0.0066297
6;50000;0.997;0.0065107
7;50000;0.997;0.0065611
8;50000;0.997;0.0065383
9;50000;0.997;0.0064786
10;50000;0.997;0.0066096
11;50000;0.997;0.0065125
12;50000;0.997;0.0064728
13;50000;0.997;0.0066121
14;50000;0.997;0.0065994
15;50000;0.997;0.006482
16;50000;0.997;0.0064693
17;50000;0.997;0.0068596
18;50000;0.997;0.0064899
19;50000;0.997;0.006561
20;50000;0.997;0.0067988
21;50000;0.997;0.006726
22;50000;0.997;0.0067896
23;50000;0.997;0.0064391
24;50000;0.997;0.0068242
25;50000;0.997;0.006591
26;50000;0.997;0.0068462
27;50000;0.997;0.0065443
28;50000;0.997;0.0068679
29;50000;0.997;0.0066748
30;50000;0.997;0.0066508
31;50000;0.997;0.0070163
32;50000;0.997;0.0066889
33;50000;0.997;0.0064411
34;50000;0.997;0.0065473
35;50000;0.997;0.0068817
36;50000;0.997;0.0066751
37;50000;0.997;0.0064641
38;50000;0.997;0.0064094
39;50000;0.997;0.0068373
40;50000;0.997;0.0065262
41;50000;0.997;0.006462
42;50000;0.997;0.0070518
43;50000;0.997;0.0069787
44;50000;0.997;0.0065515
45;50000;0.997;0.0064925
46;50000;0.997;0.0070569
47;50000;0.997;0.0069785
48;50000;0.997;0.0064094
49;50000;0.997;0.0066357
50;50000;0.997;0.0071575
51;50000;0.997;0.0066098
52;50000;0.997;0.0070036
53;50000;0.997;0.0064809
54;50000;0.997;0.0068036
55;50000;0.997;0.0072175
56;50000;0.997;0.0065735
57;50000;0.997;0.0064616
58;50000;0.997;0.0069454
59;50000;0.997;0.0065943
60;50000;0.997;0.0065157
61;50000;0.997;0.0067094
62;50000;0.997;0.0069778
63;50000;0.997;0.0066419
64;50000;0.997;0.0065834
65;50000;0.997;0.0065311
66;50000;0.997;0.0069726
67;50000;0.997;0.0064223
68;50000;0.997;0.0072307
69;50000;0.997;0.0069845
70;50000;0.997;0.0067414
71;50000;0.997;0.0065242
72;50000;0.997;0.0067783
73;50000;0.997;0.0068728
74;50000;0.997;0.0070853
75;50000;0.997;0.0065529
76;50000;0.997;0.0064695
77;50000;0.997;0.0071299
78;50000;0.997;0.0069217
79;50000;0.997;0.0069511
80;50000;0.997;0.0065333
81;50000;0.997;0.0068858
82;50000;0.997;0.0066039
83;50000;0.997;0.0067579
84;50000;0.997;0.0066577
85;50000;0.997;0.006914
86;50000;0.997;0.0066888
87;50000;0.997;0.0065322
88;50000;0.997;0.0072506
89;50000;0.997;0.0070416
90;50000;0.997;0.006849
91;50000;0.997;0.0071622
92;50000;0.997;0.0068858
93;50000;0.997;0.006617
94;50000;0.997;0.0066446
95;50000;0.997;0.0070483
96;50000;0.997;0.0066112
97;50000;0.997;0.00656
98;50000;0.997;0.0064763
99;50000;0.997;0.0093052
0;100000;-1;0.0122792
1;100000;-1;0.0123151
2;100000;-1;0.0127699
3;100000;-1;0.0124911
4;100000;-1;0.0120481
5;100000;-1;0.0122444
6;100000;-1;0.0120299
7;100000;-1;0.0121178
8;100000;-1;0.0120019
9;100000;-1;0.0122225
10;100000;-1;0.012334
11;100000;-1;0.0123306
12;100000;-1;0.0126148
13;100000;-1;0.0126922
14;100000;-1;0.012833
15;100000;-1;0.0125233
16;100000;-1;0.0122883
17;100000;-1;0.011821
18;100000;-1;0.0122726
19;100000;-1;0.0124305
20;100000;-1;0.0129121
21;100000;-1;0.0127152
22;100000;-1;0.0124259
23;100000;-1;0.0122712
24;100000;-1;0.0124031
25;100000;-1;0.012473
26;100000;-1;0.0122255
27;100000;-1;0.0121799
28;100000;-1;0.0122146
29;100000;-1;0.0126144
30;100000;-1;0.0125294
31;100000;-1;0.012741
32;100000;-1;0.012711
33;100000;-1;0.0124771
34;100000;-1;0.0123071
35;100000;-1;0.0123145
36;100000;-1;0.0123039
37;100000;-1;0.012852
38;100000;-1;0.0124027
39;100000;-1;0.0124814
40;100000;-1;0.0124974
41;100000;-1;0.0122669
42;100000;-1;0.0125859
43;100000;-1;0.0124138
44;100000;-1;0.0133315
45;100000;-1;0.012442
46;100000;-1;0.0125169
47;100000;-1;0.0126902
48;100000;-1;0.0126101
49;100000;-1;0.0122504
50;100000;-1;0.0126147
51;100000;-1;0.0125237
52;100000;-1;0.0124275
53;100000;-1;0.0121356
54;100000;-1;0.0122322
55;100000;-1;0.0129178
56;100000;-1;0.0125708
57;100000;-1;0.0126629
58;100000;-1;0.012444
59;100000;-1;0.0124508
60;100000;-1;0.0122146
61;100000;-1;0.0126161
62;100000;-1;0.0125109
63;100000;-1;0.0129622
64;100000;-1;0.0124382
65;100000;-1;0.0122912
66;100000;-1;0.0120521
67;100000;-1;0.0128617
68;100000;-1;0.0123842
69;100000;-1;0.0126982
70;100000;-1;0.0120882
71;100000;-1;0.0122914
72;100000;-1;0.012584
73;100000;-1;0.0125993
74;100000;-1;0.0124188
75;100000;-1;0.0126789
76;100000;-1;0.0125943
77;100000;-1;0.0129984
78;100000;-1;0.0128235
79;100000;-1;0.0122133
80;100000;-1;0.0121483
81;100000;-1;0.0125312
82;100000;-1;0.0126292
83;100000;-1;0.0126699
84;100000;-1;0.0127673
85;100000;-1;0.0126625
86;100000;-1;0.0123338
87;100000;-1;0.0121748
88;100000;-1;0.012477
89;100000;-1;0.0126097
90;100000;-1;0.0128017
91;100000;-1;0.012446
92;100000;-1;0.0127988
93;100000;-1;0.0125865
94;100000;-1;0.0125102
95;100000;-1;0.0123659
96;100000;-1;0.0123666
97;100000;-1;0.0123857
98;100000;-1;0.0128952
99;100000;-1;0.0188135
0;100000;1;0.018889
1;100000;1;0.0189183
2;100000;1;0.0184776
3;100000;1;0.0192651
4;100000;1;0.018909
5;100000;1;0.01929
6;100000;1;0.0189623
7;100000;1;0.0188602
8;100000;1;0.0188292
9;100000;1;0.0187558
10;100000;1;0.019595
11;100000;1;0.0189684
12;100000;1;0.0186766
13;100000;1;0.0192978
14;100000;1;0.0188538
15;100000;1;0.0191493
16;100000;1;0.0193532
17;100000;1;0.0192167
18;100000;1;0.0199298
19;100000;1;0.0193451
20;100000;1;0.0191535
21;100000;1;0.0188905
22;100000;1;0.019028
23;100000;1;0.0194014
24;100000;1;0.0185594
25;100000;1;0.019277
26;100000;1;0.0185701
27;100000;1;0.0186719
28;100000;1;0.0192789
29;100000;1;0.0188116
30;100000;1;0.0195962
31;100000;1;0.019317
32;100000;1;0.0186146
33;100000;1;0.0188191
34;100000;1;0.0189307
35;100000;1;0.0197719
36;100000;1;0.0192581
37;100000;1;0.019406
38;100000;1;0.0192273
39;100000;1;0.0186896
40;100000;1;0.0188901
41;100000;1;0.0185604
42;100000;1;0.0200703
43;100000;1;0.0188891
44;100000;1;0.0193847
45;100000;1;0.019432
46;100000;1;0.0191102
47;100000;1;0.0196005
48;100000;1;0.0191746
49;100000;1;0.0189791
50;100000;1;0.0194331
51;100000;1;0.0191401
52;100000;1;0.0192296
53;100000;1;0.0196034
54;100000;1;0.0190811
55;100000;1;0.018978
56;100000;1;0.0188823
57;100000;1;0.0191025
58;100000;1;0.0190297
59;100000;1;0.0190279
60;100000;1;0.0188541
61;100000;1;0.0185622
62;100000;1;0.0193454
63;100000;1;0.0188762
64;100000;1;0.0195697
65;100000;1;0.0188483
66;100000;1;0.0192385
67;100000;1;0.0190729
68;100000;1;0.0190837
69;100000;1;0.0190236
70;100000;1;0.019398
71;100000;1;0.0190303
72;100000;1;0.0194019
73;100000;1;0.0193679
74;100000;1;0.019799
75;100000;1;0.0184531
76;100000;1;0.0189284
77;100000;1;0.0190553
78;100000;1;0.0185635
79;100000;1;0.0187372
80;100000;1;0.0191672
81;100000;1;0.0189898
82;100000;1;0.0191189
83;100000;1;0.0189838
84;100000;1;0.0195724
85;100000;1;0.0186742
86;100000;1;0.0190703
87;100000;1;0.0186676
88;100000;1;0.0191623
89;100000;1;0.0194859
90;100000;1;0.0190749
91;100000;1;0.0194699
92;100000;1;0.0188715
93;100000;1;0.0192505
94;100000;1;0.0188714
95;100000;1;0.0188031
96;100000;1;0.0192717
97;100000;1;0.0197835
98;100000;1;0.018676
99;100000;1;0.0193294
0;100000;0.25;0.0193038
1;100000;0.25;0.0188692
2;100000;0.25;0.0189216
3;100000;0.25;0.0186163
4;100000;0.25;0.0184312
5;100000;0.25;0.0186367
6;100000;0.25;0.0193493
7;100000;0.25;0.0186539
8;100000;0.25;0.0197283
9;100000;0.25;0.0184971
10;100000;0.25;0.018729
11;100000;0.25;0.0180755
12;100000;0.25;0.0197017
13;100000;0.25;0.0195047
14;100000;0.25;0.0189508
15;100000;0.25;0.0190022
16;100000;0.25;0.0183821
17;100000;0.25;0.0181346
18;100000;0.25;0.0181497
19;100000;0.25;0.0184998
20;100000;0.25;0.0192595
21;100000;0.25;0.0190972
22;100000;0.25;0.0188929
23;100000;0.25;0.0193702
24;100000;0.25;0.0186771
25;100000;0.25;0.019023
26;100000;0.25;0.0189221
27;100000;0.25;0.0187994
28;100000;0.25;0.0191046
29;100000;0.25;0.0186486
30;100000;0.25;0.0186521
31;100000;0.25;0.0196671
32;100000;0.25;0.0185583
33;100000;0.25;0.0192339
34;100000;0.25;0.018331
35;100000;0.25;0.019574
36;100000;0.25;0.0191008
37;100000;0.25;0.019144
38;100000;0.25;0.0190673
39;100000;0.25;0.0186598
40;100000;0.25;0.0181794
41;100000;0.25;0.0184896
42;100000;0.25;0.0186532
43;100000;0.25;0.0190725
44;100000;0.25;0.018434
45;100000;0.25;0.0186425
46;100000;0.25;0.0186152
47;100000;0.25;0.018277
48;100000;0.25;0.0190845
49;100000;0.25;0.0185429
50;100000;0.25;0.0188875
51;100000;0.25;0.0181994
52;100000;0.25;0.0187504
53;100000;0.25;0.0189568
54;100000;0.25;0.0186554
55;100000;0.25;0.0190747
56;100000;0.25;0.0194286
57;100000;0.25;0.0200797
58;100000;0.25;0.0193302
59;100000;0.25;0.0184985
60;100000;0.25;0.0182228
61;100000;0.25;0.0183845
62;100000;0.25;0.0191734
63;100000;0.25;0.0187143
64;100000;0.25;0.0183187
65;100000;0.25;0.0189875
66;100000;0.25;0.0184592
67;100000;0.25;0.0187804
68;100000;0.25;0.0189543
69;100000;0.25;0.0186346
70;100000;0.25;0.0188553
71;100000;0.25;0.0183869
72;100000;0.25;0.0192661
73;100000;0.25;0.0183065
74;100000;0.25;0.0189641
75;100000;0.25;0.0189633
76;100000;0.25;0.0186491
77;100000;0.25;0.0186829
78;100000;0.25;0.0186919
79;100000;0.25;0.0187803
80;100000;0.25;0.0188116
81;100000;0.25;0.0186589
82;100000;0.25;0.0186148
83;100000;0.25;0.0185475
84;100000;0.25;0.0184974
85;100000;0.25;0.0191279
86;100000;0.25;0.0184458
87;100000;0.25;0.0189166
88;100000;0.25;0.0182239
89;100000;0.25;0.0185531
90;100000;0.25;0.0187538
91;100000;0.25;0.0184534
92;100000;0.25;0.0190671
93;100000;0.25;0.0189855
94;100000;0.25;0.0188087
95;100000;0.25;0.0186477
96;100000;0.25;0.0182731
97;100000;0.25;0.018671
98;100000;0.25;0.0183687
99;100000;0.25;0.0192999
0;100000;0.5;0.0474034
1;100000;0.5;0.0197562
2;100000;0.5;0.0843573
3;100000;0.5;0.0180867
4;100000;0.5;0.0214524
5;100000;0.5;0.0288167
6;100000;0.5;0.0282296
7;100000;0.5;0.0199234
8;100000;0.5;0.0307365
9;100000;0.5;0.0325438
10;100000;0.5;0.0323637
11;100000;0.5;0.0342198
12;100000;0.5;0.0224576
13;100000;0.5;0.0766374
14;100000;0.5;0.0362948
15;100000;0.5;0.01794
16;100000;0.5;0.046277
17;100000;0.5;0.0205388
18;100000;0.5;0.0185992
19;100000;0.5;0.0402139
20;100000;0.5;0.0181806
21;100000;0.5;0.0255352
22;100000;0.5;0.0222513
23;100000;0.5;0.0200724
24;100000;0.5;0.0288961
25;100000;0.5;0.0772254
26;100000;0.5;0.018351
27;100000;0.5;0.0190229
28;100000;0.5;0.0182879
29;100000;0.5;0.0240088
30;100000;0.5;0.0277884
31;100000;0.5;0.0185683
32;100000;0.5;0.0525128
33;100000;0.5;0.0201894
34;100000;0.5;0.0204406
35;100000;0.5;0.0184667
36;100000;0.5;0.0181754
37;100000;0.5;0.0345986
38;100000;0.5;0.031207
39;100000;0.5;0.0196347
40;100000;0.5;0.0465018
41;100000;0.5;0.0295571
42;100000;0.5;0.0268494
43;100000;0.5;0.0382349
44;100000;0.5;0.035351
45;100000;0.5;0.0192087
46;100000;0.5;0.0331353
47;100000;0.5;0.0195427
48;100000;0.5;0.0379633
49;100000;0.5;0.0301851
50;100000;0.5;0.0192256
51;100000;0.5;0.0177959
52;100000;0.5;0.0322639
53;100000;0.5;0.0266247
54;100000;0.5;0.0221436
55;100000;0.5;0.0279839
56;100000;0.5;0.0220713
57;100000;0.5;0.0382268
58;100000;0.5;0.0561014
59;100000;0.5;0.0646511
60;100000;0.5;0.0188328
61;100000;0.5;0.0211285
62;100000;0.5;0.0211162
63;100000;0.5;0.0186298
64;100000;0.5;0.0233787
65;100000;0.5;0.0448131
66;100000;0.5;0.0192372
67;100000;0.5;0.0200797
68;100000;0.5;0.0401363
69;100000;0.5;0.0591576
70;100000;0.5;0.0466441
71;100000;0.5;0.0565126
72;100000;0.5;0.0217979
73;100000;0.5;0.0189477
74;100000;0.5;0.0296969
75;100000;0.5;0.0224172
76;100000;0.5;0.0236864
77;100000;0.5;0.0195576
78;100000;0.5;0.0202808
79;100000;0.5;0.0202956
80;100000;0.5;0.0180094
81;100000;0.5;0.0543689
82;100000;0.5;0.0187536
83;100000;0.5;0.018814
84;100000;0.5;0.018545
85;100000;0.5;0.0415037
86;100000;0.5;0.0949359
87;100000;0.5;0.0178965
88;100000;0.5;0.0208655
89;100000;0.5;0.0184941
90;100000;0.5;0.0187989
91;100000;0.5;0.0565282
92;100000;0.5;0.0203953
93;100000;0.5;0.0184969
94;100000;0.5;0.0305939
95;100000;0.5;0.0271193
96;100000;0.5;0.0427583
97;100000;0.5;0.0408802
98;100000;0.5;0.0677108
99;100000;0.5;0.018645
0;100000;0.75;0.0163984
1;100000;0.75;0.016242
2;100000;0.75;0.0173263
3;100000;0.75;0.0162219
4;100000;0.75;0.0161085
5;100000;0.75;0.0158671
6;100000;0.75;0.0157791
7;100000;0.75;0.0162341
8;100000;0.75;0.0162935
9;100000;0.75;0.0165783
10;100000;0.75;0.0159444
11;100000;0.75;0.0167192
12;100000;0.75;0.0160735
13;100000;0.75;0.0160591
14;100000;0.75;0.0160462
15;100000;0.75;0.0162554
16;100000;0.75;0.0164294
17;100000;0.75;0.0165291
18;100000;0.75;0.0160121
19;100000;0.75;0.0164271
20;100000;0.75;0.0162433
21;100000;0.75;0.016526
22;100000;0.75;0.0161596
23;100000;0.75;0.0159203
24;100000;0.75;0.0170422
25;100000;0.75;0.0166483
26;100000;0.75;0.0162249
27;100000;0.75;0.0165427
28;100000;0.75;0.0161794
29;100000;0.75;0.0164143
30;100000;0.75;0.0165951
31;100000;0.75;0.0164304
32;100000;0.75;0.0161204
33;100000;0.75;0.0167674
34;100000;0.75;0.0158586
35;100000;0.75;0.0161602
36;100000;0.75;0.0159585
37;100000;0.75;0.016073
38;100000;0.75;0.0163402
39;100000;0.75;0.0164441
40;100000;0.75;0.0159356
41;100000;0.75;0.0168398
42;100000;0.75;0.0165183
43;100000;0.75;0.0164342
44;100000;0.75;0.0164932
45;100000;0.75;0.0163861
46;100000;0.75;0.016667
47;100000;0.75;0.0168045
48;100000;0.75;0.0166984
49;100000;0.75;0.0167428
50;100000;0.75;0.0171368
51;100000;0.75;0.0172104
52;100000;0.75;0.0161805
53;100000;0.75;0.0159392
54;100000;0.75;0.016541
55;100000;0.75;0.0163446
56;100000;0.75;0.0160148
57;100000;0.75;0.0161091
58;100000;0.75;0.0167208
59;100000;0.75;0.0162694
60;100000;0.75;0.0164852
61;100000;0.75;0.0162138
62;100000;0.75;0.0161145
63;100000;0.75;0.0161163
64;100000;0.75;0.0159822
65;100000;0.75;0.0167337
66;100000;0.75;0.017395
67;100000;0.75;0.0164659
68;100000;0.75;0.0163407
69;100000;0.75;0.0163434
70;100000;0.75;0.0161736
71;100000;0.75;0.0166716
72;100000;0.75;0.015676
73;100000;0.75;0.0164145
74;100000;0.75;0.0165245
75;100000;0.75;0.0165485
76;100000;0.75;0.0169463
77;100000;0.75;0.0160814
78;100000;0.75;0.0164312
79;100000;0.75;0.0161095
80;100000;0.75;0.0158236
81;100000;0.75;0.0162259
82;100000;0.75;0.0160384
83;100000;0.75;0.0168534
84;100000;0.75;0.0168155
85;100000;0.75;0.0166409
86;100000;0.75;0.0164646
87;100000;0.75;0.016229
88;100000;0.75;0.0160578
89;100000;0.75;0.0168371
90;100000;0.75;0.0158095
91;100000;0.75;0.016312
92;100000;0.75;0.0161986
93;100000;0.75;0.0163341
94;100000;0.75;0.0164813
95;100000;0.75;0.0168074
96;100000;0.75;0.0158149
97;100000;0.75;0.0161329
98;100000;0.75;0.0158158
99;100000;0.75;0.0186263
0;100000;0.95;0.0150971
1;100000;0.95;0.0147153
2;100000;0.95;0.0150043
3;100000;0.95;0.014913
4;100000;0.95;0.0147617
5;100000;0.95;0.0147564
6;100000;0.95;0.0147313
7;100000;0.95;0.0151572
8;100000;0.95;0.0151279
9;100000;0.95;0.0151612
10;100000;0.95;0.015106
11;100000;0.95;0.0146215
12;100000;0.95;0.0145099
13;100000;0.95;0.0151
14;100000;0.95;0.0152554
15;100000;0.95;0.0158279
16;100000;0.95;0.0148719
17;100000;0.95;0.0150945
18;100000;0.95;0.015219
19;100000;0.95;0.0152319
20;100000;0.95;0.0143928
21;100000;0.95;0.015029
22;100000;0.95;0.0153191
23;100000;0.95;0.0153895
24;100000;0.95;0.0150695
25;100000;0.95;0.0150928
26;100000;0.95;0.0149781
27;100000;0.95;0.0151553
28;100000;0.95;0.0154831
29;100000;0.95;0.0144736
30;100000;0.95;0.0144861
31;100000;0.95;0.0152515
32;100000;0.95;0.0147186
33;100000;0.95;0.0153948
34;100000;0.95;0.0147282
35;100000;0.95;0.0152515
36;100000;0.95;0.0145989
37;100000;0.95;0.0151891
38;100000;0.95;0.015124
39;100000;0.95;0.0148578
40;100000;0.95;0.0149089
41;100000;0.95;0.0154587
42;100000;0.95;0.0159661
43;100000;0.95;0.0145745
44;100000;0.95;0.0146924
45;100000;0.95;0.0151891
46;100000;0.95;0.0146726
47;100000;0.95;0.014511
48;100000;0.95;0.0151526
49;100000;0.95;0.0151819
50;100000;0.95;0.0155269
51;100000;0.95;0.0149239
52;100000;0.95;0.0148257
53;100000;0.95;0.0157151
54;100000;0.95;0.0147545
55;100000;0.95;0.014619
56;100000;0.95;0.0144814
57;100000;0.95;0.0149448
58;100000;0.95;0.0146389
59;100000;0.95;0.0148982
60;100000;0.95;0.0148277
61;100000;0.95;0.0149161
62;100000;0.95;0.0145994
63;100000;0.95;0.0149232
64;100000;0.95;0.0152482
65;100000;0.95;0.0146689
66;100000;0.95;0.0146289
67;100000;0.95;0.0146516
68;100000;0.95;0.0150609
69;100000;0.95;0.0149574
70;100000;0.95;0.0153402
71;100000;0.95;0.0150157
72;100000;0.95;0.0148482
73;100000;0.95;0.0147143
74;100000;0.95;0.0149112
75;100000;0.95;0.0148633
76;100000;0.95;0.0149567
77;100000;0.95;0.0144347
78;100000;0.95;0.0155629
79;100000;0.95;0.0149241
80;100000;0.95;0.0145045
81;100000;0.95;0.0148825
82;100000;0.95;0.0150682
83;100000;0.95;0.0147728
84;100000;0.95;0.0147643
85;100000;0.95;0.0151302
86;100000;0.95;0.0146785
87;100000;0.95;0.0153956
88;100000;0.95;0.0149378
89;100000;0.95;0.0149918
90;100000;0.95;0.0151306
91;100000;0.95;0.0143934
92;100000;0.95;0.0152226
93;100000;0.95;0.0151758
94;100000;0.95;0.0150677
95;100000;0.95;0.0148498
96;100000;0.95;0.0148848
97;100000;0.95;0.0147515
98;100000;0.95;0.0145112
99;100000;0.95;0.0195317
0;100000;0.99;0.0138017
1;100000;0.99;0.0138787
2;100000;0.99;0.0142284
3;100000;0.99;0.0143042
4;100000;0.99;0.0148068
5;100000;0.99;0.0140019
6;100000;0.99;0.0139706
7;100000;0.99;0.0138872
8;100000;0.99;0.0140772
9;100000;0.99;0.0140415
10;100000;0.99;0.0143582
11;100000;0.99;0.0141497
12;100000;0.99;0.013943
13;100000;0.99;0.0135748
14;100000;0.99;0.0142644
15;100000;0.99;0.0142469
16;100000;0.99;0.0135875
17;100000;0.99;0.0148289
18;100000;0.99;0.0137599
19;100000;0.99;0.0142539
20;100000;0.99;0.013382
21;100000;0.99;0.014116
22;100000;0.99;0.0149472
23;100000;0.99;0.0146966
24;100000;0.99;0.0137547
25;100000;0.99;0.013885
26;100000;0.99;0.0139117
27;100000;0.99;0.0142604
28;100000;0.99;0.0141714
29;100000;0.99;0.0136163
30;100000;0.99;0.0140273
31;100000;0.99;0.0147505
32;100000;0.99;0.0141464
33;100000;0.99;0.0137283
34;100000;0.99;0.0136572
35;100000;0.99;0.0138174
36;100000;0.99;0.0141018
37;100000;0.99;0.0134007
38;100000;0.99;0.0137331
39;100000;0.99;0.0141402
40;100000;0.99;0.0141977
41;100000;0.99;0.0143916
42;100000;0.99;0.0138442
43;100000;0.99;0.0139425
44;100000;0.99;0.0141887
45;100000;0.99;0.014906
46;100000;0.99;0.0140679
47;100000;0.99;0.0137319
48;100000;0.99;0.0136737
49;100000;0.99;0.0137233
50;100000;0.99;0.0140362
51;100000;0.99;0.0142482
52;100000;0.99;0.0134622
53;100000;0.99;0.0138514
54;100000;0.99;0.0141024
55;100000;0.99;0.0137925
56;100000;0.99;0.0135611
57;100000;0.99;0.013484
58;100000;0.99;0.0134791
59;100000;0.99;0.0134023
60;100000;0.99;0.0146614
61;100000;0.99;0.0143523
62;100000;0.99;0.014447
63;100000;0.99;0.0140338
64;100000;0.99;0.0141828
65;100000;0.99;0.0136219
66;100000;0.99;0.0140181
67;100000;0.99;0.013911
68;100000;0.99;0.0136125
69;100000;0.99;0.0141188
70;100000;0.99;0.0143626
71;100000;0.99;0.0138975
72;100000;0.99;0.0135495
73;100000;0.99;0.0134959
74;100000;0.99;0.014253
75;100000;0.99;0.0137142
76;100000;0.99;0.0135595
77;100000;0.99;0.0141424
78;100000;0.99;0.013922
79;100000;0.99;0.0139854
80;100000;0.99;0.0136511
81;100000;0.99;0.0134089
82;100000;0.99;0.0136307
83;100000;0.99;0.0141835
84;100000;0.99;0.0134101
85;100000;0.99;0.0138608
86;100000;0.99;0.0138992
87;100000;0.99;0.0134291
88;100000;0.99;0.0140695
89;100000;0.99;0.0139495
90;100000;0.99;0.0138288
91;100000;0.99;0.0139001
92;100000;0.99;0.0138537
93;100000;0.99;0.0138173
94;100000;0.99;0.0137795
95;100000;0.99;0.0140162
96;100000;0.99;0.0140131
97;100000;0.99;0.0140766
98;100000;0.99;0.0143017
99;100000;0.99;0.0188091
0;100000;0.997;0.0131667
1;100000;0.997;0.0135415
2;100000;0.997;0.0135361
3;100000;0.997;0.0136833
4;100000;0.997;0.0139236
5;100000;0.997;0.0132987
6;100000;0.997;0.01322
7;100000;0.997;0.0132846
8;100000;0.997;0.0132669
9;100000;0.997;0.0133121
10;100000;0.997;0.0143124
11;100000;0.997;0.0145019
12;100000;0.997;0.0140105
13;100000;0.997;0.0130725
14;100000;0.997;0.0131244
15;100000;0.997;0.0135853
16;100000;0.997;0.0136141
17;100000;0.997;0.0134443
18;100000;0.997;0.0134228
19;100000;0.997;0.0136366
20;100000;0.997;0.0138892
21;100000;0.997;0.0136124
22;100000;0.997;0.013931
23;100000;0.997;0.0132685
24;100000;0.997;0.0135174
25;100000;0.997;0.014077
26;100000;0.997;0.0135788
27;100000;0.997;0.01299
28;100000;0.997;0.0136842
29;100000;0.997;0.0139117
30;100000;0.997;0.0137392
31;100000;0.997;0.0137282
32;100000;0.997;0.0138456
33;100000;0.997;0.0134427
34;100000;0.997;0.0132624
35;100000;0.997;0.0136733
36;100000;0.997;0.0134265
37;100000;0.997;0.0129914
38;100000;0.997;0.0134758
39;100000;0.997;0.0135016
40;100000;0.997;0.0144001
41;100000;0.997;0.0132044
42;100000;0.997;0.0136034
43;100000;0.997;0.0136765
44;100000;0.997;0.0136771
45;100000;0.997;0.0129083
46;100000;0.997;0.0133902
47;100000;0.997;0.013671
48;100000;0.997;0.013256
49;100000;0.997;0.0139536
50;100000;0.997;0.0133979
51;100000;0.997;0.0132887
52;100000;0.997;0.0134086
53;100000;0.997;0.0138344
54;100000;0.997;0.0139016
55;100000;0.997;0.0132714
56;100000;0.997;0.0135306
57;100000;0.997;0.0139016
58;100000;0.997;0.0138826
59;100000;0.997;0.0132345
60;100000;0.997;0.013623
61;100000;0.997;0.0138472
62;100000;0.997;0.0131985
63;100000;0.997;0.0136844
64;100000;0.997;0.0134671
65;100000;0.997;0.0130927
66;100000;0.997;0.0134897
67;100000;0.997;0.0140762
68;100000;0.997;0.0132201
69;100000;0.997;0.0137087
70;100000;0.997;0.0136686
71;100000;0.997;0.0135603
72;100000;0.997;0.0132949
73;100000;0.997;0.0134427
74;100000;0.997;0.0129887
75;100000;0.997;0.0133166
76;100000;0.997;0.0136342
77;100000;0.997;0.0134365
78;100000;0.997;0.0130233
79;100000;0.997;0.0133339
80;100000;0.997;0.0135905
81;100000;0.997;0.0134871
82;100000;0.997;0.0130105
83;100000;0.997;0.0134785
84;100000;0.997;0.013781
85;100000;0.997;0.0132545
86;100000;0.997;0.0134607
87;100000;0.997;0.0138515
88;100000;0.997;0.0128931
89;100000;0.997;0.0130284
90;100000;0.997;0.0134762
91;100000;0.997;0.0133965
92;100000;0.997;0.013019
93;100000;0.997;0.0137926
94;100000;0.997;0.0136329
95;100000;0.997;0.0132929
96;100000;0.997;0.0135775
97;100000;0.997;0.0133043
98;100000;0.997;0.0136222
99;100000;0.997;0.0190094
0;500000;-1;0.0636196
1;500000;-1;0.0640441
2;500000;-1;0.0612656
3;500000;-1;0.0634036
4;500000;-1;0.0627365
5;500000;-1;0.0628394
6;500000;-1;0.0632788
7;500000;-1;0.0638109
8;500000;-1;0.0655002
9;500000;-1;0.0639015
10;500000;-1;0.0628814
11;500000;-1;0.0645798
12;500000;-1;0.0625689
13;500000;-1;0.062955
14;500000;-1;0.0640963
15;500000;-1;0.0636432
16;500000;-1;0.0640746
17;500000;-1;0.063386
18;500000;-1;0.0634684
19;500000;-1;0.0616961
20;500000;-1;0.0626963
21;500000;-1;0.06354
22;500000;-1;0.063709
23;500000;-1;0.0645149
24;500000;-1;0.0635561
25;500000;-1;0.0628587
26;500000;-1;0.0627641
27;500000;-1;0.0627991
28;500000;-1;0.0629568
29;500000;-1;0.062775
30;500000;-1;0.0639478
31;500000;-1;0.0641309
32;500000;-1;0.0625734
33;500000;-1;0.0629521
34;500000;-1;0.0632119
35;500000;-1;0.0633719
36;500000;-1;0.0634355
37;500000;-1;0.0634903
38;500000;-1;0.0640088
39;500000;-1;0.0630904
40;500000;-1;0.0634174
41;500000;-1;0.0626911
42;500000;-1;0.0646303
43;500000;-1;0.0629702
44;500000;-1;0.0633651
45;500000;-1;0.0631726
46;500000;-1;0.063174
47;500000;-1;0.0638433
48;500000;-1;0.0624728
49;500000;-1;0.0626403
50;500000;-1;0.063581
51;500000;-1;0.0651458
52;500000;-1;0.0651287
53;500000;-1;0.0637959
54;500000;-1;0.0630556
55;500000;-1;0.0629563
56;500000;-1;0.0630944
57;500000;-1;0.0648208
58;500000;-1;0.0631139
59;500000;-1;0.062777
60;500000;-1;0.0627229
61;500000;-1;0.0648625
62;500000;-1;0.063608
63;500000;-1;0.063192
64;500000;-1;0.0629418
65;500000;-1;0.0625916
66;500000;-1;0.0637554
67;500000;-1;0.0633443
68;500000;-1;0.0628435
69;500000;-1;0.062269
70;500000;-1;0.0627703
71;500000;-1;0.0633766
72;500000;-1;0.0641596
73;500000;-1;0.0635193
74;500000;-1;0.0627982
75;500000;-1;0.0629181
76;500000;-1;0.0637189
77;500000;-1;0.0639413
78;500000;-1;0.0634426
79;500000;-1;0.0632297
80;500000;-1;0.0630033
81;500000;-1;0.062896
82;500000;-1;0.0631111
83;500000;-1;0.0644563
84;500000;-1;0.0633306
85;500000;-1;0.0630175
86;500000;-1;0.0640203
87;500000;-1;0.0621285
88;500000;-1;0.0627357
89;500000;-1;0.0637085
90;500000;-1;0.0629334
91;500000;-1;0.0638059
92;500000;-1;0.0639125
93;500000;-1;0.0622107
94;500000;-1;0.0634111
95;500000;-1;0.0632051
96;500000;-1;0.0625256
97;500000;-1;0.0638609
98;500000;-1;0.0644729
99;500000;-1;0.0983694
0;500000;1;0.0971638
1;500000;1;0.0982843
2;500000;1;0.0956984
3;500000;1;0.0988982
4;500000;1;0.0978377
5;500000;1;0.0990453
6;500000;1;0.0974582
7;500000;1;0.0991762
8;500000;1;0.0976252
9;500000;1;0.0973002
10;500000;1;0.0980901
11;500000;1;0.0959043
12;500000;1;0.0958535
13;500000;1;0.0962514
14;500000;1;0.0969734
15;500000;1;0.0981825
16;500000;1;0.0969954
17;500000;1;0.100283
18;500000;1;0.0987082
19;500000;1;0.0989939
20;500000;1;0.0953592
21;500000;1;0.0985991
22;500000;1;0.0954497
23;500000;1;0.0958598
24;500000;1;0.0974019
25;500000;1;0.0975179
26;500000;1;0.0978539
27;500000;1;0.0991884
28;500000;1;0.097285
29;500000;1;0.0973202
30;500000;1;0.0971246
31;500000;1;0.0976463
32;500000;1;0.0964203
33;500000;1;0.0982879
34;500000;1;0.0979016
35;500000;1;0.0967991
36;500000;1;0.0984099
37;500000;1;0.0966279
38;500000;1;0.0961833
39;500000;1;0.0977571
40;500000;1;0.0982471
41;500000;1;0.0967023
42;500000;1;0.0984104
43;500000;1;0.0975334
44;500000;1;0.0971122
45;500000;1;0.0984393
46;500000;1;0.0975572
47;500000;1;0.0987118
48;500000;1;0.0968355
49;500000;1;0.0965922
50;500000;1;0.0992718
51;500000;1;0.096201
52;500000;1;0.0983416
53;500000;1;0.0965048
54;500000;1;0.0966422
55;500000;1;0.0977787
56;500000;1;0.0973714
57;500000;1;0.0988017
58;500000;1;0.0958498
59;500000;1;0.0976438
60;500000;1;0.0961053
61;500000;1;0.0980181
62;500000;1;0.0973598
63;500000;1;0.0980624
64;500000;1;0.0974396
65;500000;1;0.0971081
66;500000;1;0.0968555
67;500000;1;0.0976289
68;500000;1;0.0978808
69;500000;1;0.0986092
70;500000;1;0.0974813
71;500000;1;0.0973733
72;500000;1;0.0974018
73;500000;1;0.096126
74;500000;1;0.0978038
75;500000;1;0.0968406
76;500000;1;0.0975219
77;500000;1;0.100925
78;500000;1;0.0977041
79;500000;1;0.0978326
80;500000;1;0.0984791
81;500000;1;0.0976856
82;500000;1;0.0975228
83;500000;1;0.098636
84;500000;1;0.0972503
85;500000;1;0.0976251
86;500000;1;0.0964206
87;500000;1;0.0993415
88;500000;1;0.0991673
89;500000;1;0.0977216
90;500000;1;0.0964118
91;500000;1;0.0984295
92;500000;1;0.0964752
93;500000;1;0.0984545
94;500000;1;0.0980267
95;500000;1;0.0969499
96;500000;1;0.0985538
97;500000;1;0.0989253
98;500000;1;0.0984922
99;500000;1;0.0973733
0;500000;0.25;0.0946248
1;500000;0.25;0.0975163
2;500000;0.25;0.0950563
3;500000;0.25;0.0944506
4;500000;0.25;0.0945952
5;500000;0.25;0.0950693
6;500000;0.25;0.0943478
7;500000;0.25;0.0955679
8;500000;0.25;0.0963815
9;500000;0.25;0.0956212
10;500000;0.25;0.0960039
11;500000;0.25;0.0944537
12;500000;0.25;0.0973523
13;500000;0.25;0.0955242
14;500000;0.25;0.0954107
15;500000;0.25;0.0957407
16;500000;0.25;0.0943842
17;500000;0.25;0.0960858
18;500000;0.25;0.0952797
19;500000;0.25;0.0955504
20;500000;0.25;0.0944987
21;500000;0.25;0.0937853
22;500000;0.25;0.0952733
23;500000;0.25;0.0956246
24;500000;0.25;0.0953376
25;500000;0.25;0.0969608
26;500000;0.25;0.0984461
27;500000;0.25;0.0961579
28;500000;0.25;0.0948548
29;500000;0.25;0.0962467
30;500000;0.25;0.0944332
31;500000;0.25;0.0953452
32;500000;0.25;0.0984875
33;500000;0.25;0.0961608
34;500000;0.25;0.0958671
35;500000;0.25;0.0960847
36;500000;0.25;0.0973483
37;500000;0.25;0.0984926
38;500000;0.25;0.0957609
39;500000;0.25;0.0965729
40;500000;0.25;0.0944237
41;500000;0.25;0.0947853
42;500000;0.25;0.0966322
43;500000;0.25;0.0939039
44;500000;0.25;0.0954377
45;500000;0.25;0.0944968
46;500000;0.25;0.0964385
47;500000;0.25;0.0942131
48;500000;0.25;0.0971016
49;500000;0.25;0.0946569
50;500000;0.25;0.0950345
51;500000;0.25;0.0945639
52;500000;0.25;0.0947849
53;500000;0.25;0.09577
54;500000;0.25;0.0938042
55;500000;0.25;0.0959927
56;500000;0.25;0.0951365
57;500000;0.25;0.0984312
58;500000;0.25;0.0959315
59;500000;0.25;0.0932711
60;500000;0.25;0.095666
61;500000;0.25;0.0953103
62;500000;0.25;0.0954194
63;500000;0.25;0.0950564
64;500000;0.25;0.0945127
65;500000;0.25;0.0957457
66;500000;0.25;0.0965846
67;500000;0.25;0.0961147
68;500000;0.25;0.0953531
69;500000;0.25;0.095465
70;500000;0.25;0.0950442
71;500000;0.25;0.0950243
72;500000;0.25;0.0949283
73;500000;0.25;0.0948845
74;500000;0.25;0.0967816
75;500000;0.25;0.0959078
76;500000;0.25;0.0958204
77;500000;0.25;0.0946439
78;500000;0.25;0.0969574
79;500000;0.25;0.0949953
80;500000;0.25;0.0951891
81;500000;0.25;0.0959141
82;500000;0.25;0.0951947
83;500000;0.25;0.0944533
84;500000;0.25;0.0974501
85;500000;0.25;0.0954692
86;500000;0.25;0.0955762
87;500000;0.25;0.0947119
88;500000;0.25;0.0946529
89;500000;0.25;0.0960093
90;500000;0.25;0.0943788
91;500000;0.25;0.095002
92;500000;0.25;0.0965108
93;500000;0.25;0.0943256
94;500000;0.25;0.0959195
95;500000;0.25;0.0967524
96;500000;0.25;0.0941432
97;500000;0.25;0.095591
98;500000;0.25;0.0965176
99;500000;0.25;0.0980479
0;500000;0.5;0.0941185
1;500000;0.5;0.535446
2;500000;0.5;0.0954866
3;500000;0.5;0.161027
4;500000;0.5;0.163035
5;500000;0.5;0.186964
6;500000;0.5;0.144871
7;500000;0.5;0.488241
8;500000;0.5;0.0907692
9;500000;0.5;0.118217
10;500000;0.5;0.194152
11;500000;0.5;0.494391
12;500000;0.5;0.0915954
13;500000;0.5;0.0933167
14;500000;0.5;0.10672
15;500000;0.5;0.0941901
16;500000;0.5;0.0992583
17;500000;0.5;0.163387
18;500000;0.5;0.210672
19;500000;0.5;0.107975
20;500000;0.5;0.118188
21;500000;0.5;0.12174
22;500000;0.5;0.0945751
23;500000;0.5;0.257937
24;500000;0.5;0.130496
25;500000;0.5;0.097419
26;500000;0.5;0.250917
27;500000;0.5;0.108948
28;500000;0.5;0.949991
29;500000;0.5;0.303831
30;500000;0.5;0.375431
31;500000;0.5;0.325757
32;500000;0.5;0.0947821
33;500000;0.5;0.117202
34;500000;0.5;0.217369
35;500000;0.5;0.109345
36;500000;0.5;0.12324
37;500000;0.5;0.0940743
38;500000;0.5;0.236234
39;500000;0.5;0.0940624
40;500000;0.5;0.102554
41;500000;0.5;0.245853
42;500000;0.5;0.336097
43;500000;0.5;0.0925082
44;500000;0.5;0.0980682
45;500000;0.5;0.0922277
46;500000;0.5;0.239809
47;500000;0.5;0.265208
48;500000;0.5;0.246891
49;500000;0.5;0.0957567
50;500000;0.5;0.450479
51;500000;0.5;0.412178
52;500000;0.5;0.434714
53;500000;0.5;0.356854
54;500000;0.5;0.175251
55;500000;0.5;0.169692
56;500000;0.5;0.0935414
57;500000;0.5;0.32596
58;500000;0.5;0.358702
59;500000;0.5;0.280543
60;500000;0.5;0.287473
61;500000;0.5;0.134532
62;500000;0.5;0.160025
63;500000;0.5;0.156597
64;500000;0.5;0.515952
65;500000;0.5;0.390701
66;500000;0.5;0.106291
67;500000;0.5;0.0910868
68;500000;0.5;0.0942193
69;500000;0.5;0.0943006
70;500000;0.5;0.247229
71;500000;0.5;0.0956006
72;500000;0.5;0.0927101
73;500000;0.5;0.473
74;500000;0.5;0.117765
75;500000;0.5;0.279469
76;500000;0.5;0.262262
77;500000;0.5;0.107802
78;500000;0.5;0.433203
79;500000;0.5;0.0942861
80;500000;0.5;0.11088
81;500000;0.5;0.0946506
82;500000;0.5;0.0990202
83;500000;0.5;0.198104
84;500000;0.5;0.529467
85;500000;0.5;0.946562
86;500000;0.5;0.350057
87;500000;0.5;0.0932223
88;500000;0.5;0.280051
89;500000;0.5;0.332748
90;500000;0.5;0.0923554
91;500000;0.5;0.112052
92;500000;0.5;0.103752
93;500000;0.5;0.139401
94;500000;0.5;0.114289
95;500000;0.5;0.106913
96;500000;0.5;0.0921789
97;500000;0.5;0.263169
98;500000;0.5;0.268012
99;500000;0.5;0.0982226
0;500000;0.75;0.0829649
1;500000;0.75;0.0833766
2;500000;0.75;0.0821325
3;500000;0.75;0.08158
4;500000;0.75;0.0818691
5;500000;0.75;0.0830572
6;500000;0.75;0.0848519
7;500000;0.75;0.0827154
8;500000;0.75;0.0833301
9;500000;0.75;0.0826245
10;500000;0.75;0.0823053
11;500000;0.75;0.0830726
12;500000;0.75;0.0821312
13;500000;0.75;0.0827054
14;500000;0.75;0.0810979
15;500000;0.75;0.0828808
16;500000;0.75;0.0814582
17;500000;0.75;0.0820012
18;500000;0.75;0.0829234
19;500000;0.75;0.0823318
20;500000;0.75;0.0815674
21;500000;0.75;0.0814174
22;500000;0.75;0.0835414
23;500000;0.75;0.0818552
24;500000;0.75;0.0837469
25;500000;0.75;0.0830802
26;500000;0.75;0.0817049
27;500000;0.75;0.0832444
28;500000;0.75;0.0829436
29;500000;0.75;0.0826689
30;500000;0.75;0.0844447
31;500000;0.75;0.0822903
32;500000;0.75;0.0819449
33;500000;0.75;0.0830452
34;500000;0.75;0.0829322
35;500000;0.75;0.0827587
36;500000;0.75;0.0823766
37;500000;0.75;0.0813578
38;500000;0.75;0.08216
39;500000;0.75;0.0825754
40;500000;0.75;0.0818349
41;500000;0.75;0.0826888
42;500000;0.75;0.0823589
43;500000;0.75;0.0831093
44;500000;0.75;0.0822247
45;500000;0.75;0.0831049
46;500000;0.75;0.0825404
47;500000;0.75;0.0823831
48;500000;0.75;0.0831182
49;500000;0.75;0.0829305
50;500000;0.75;0.0829274
51;500000;0.75;0.0828293
52;500000;0.75;0.082628
53;500000;0.75;0.0840988
54;500000;0.75;0.0821748
55;500000;0.75;0.0816054
56;500000;0.75;0.0835667
57;500000;0.75;0.0823201
58;500000;0.75;0.0818368
59;500000;0.75;0.0822061
60;500000;0.75;0.0838254
61;500000;0.75;0.0819075
62;500000;0.75;0.0819327
63;500000;0.75;0.0823294
64;500000;0.75;0.0815028
65;500000;0.75;0.081807
66;500000;0.75;0.0831847
67;500000;0.75;0.0825239
68;500000;0.75;0.0826805
69;500000;0.75;0.0816673
70;500000;0.75;0.0816033
71;500000;0.75;0.0822611
72;500000;0.75;0.0827273
73;500000;0.75;0.0818451
74;500000;0.75;0.0831579
75;500000;0.75;0.0825573
76;500000;0.75;0.0831475
77;500000;0.75;0.0839847
78;500000;0.75;0.082149
79;500000;0.75;0.08298
80;500000;0.75;0.0826466
81;500000;0.75;0.0813039
82;500000;0.75;0.0824555
83;500000;0.75;0.0835126
84;500000;0.75;0.0826114
85;500000;0.75;0.0820849
86;500000;0.75;0.0814716
87;500000;0.75;0.0842247
88;500000;0.75;0.0815034
89;500000;0.75;0.0837689
90;500000;0.75;0.0826481
91;500000;0.75;0.0815491
92;500000;0.75;0.0821212
93;500000;0.75;0.0825744
94;500000;0.75;0.0826542
95;500000;0.75;0.0835681
96;500000;0.75;0.0839847
97;500000;0.75;0.0830825
98;500000;0.75;0.0828055
99;500000;0.75;0.0983155
0;500000;0.95;0.0740606
1;500000;0.95;0.0750924
2;500000;0.95;0.0735251
3;500000;0.95;0.074097
4;500000;0.95;0.0751612
5;500000;0.95;0.075283
6;500000;0.95;0.0747186
7;500000;0.95;0.0740426
8;500000;0.95;0.075772
9;500000;0.95;0.0753151
10;500000;0.95;0.0742826
11;500000;0.95;0.0742798
12;500000;0.95;0.075072
13;500000;0.95;0.0752428
14;500000;0.95;0.0775068
15;500000;0.95;0.073505
16;500000;0.95;0.0750722
17;500000;0.95;0.0753768
18;500000;0.95;0.0739162
19;500000;0.95;0.0756291
20;500000;0.95;0.0742263
21;500000;0.95;0.0745875
22;500000;0.95;0.0736947
23;500000;0.95;0.0741112
24;500000;0.95;0.074344
25;500000;0.95;0.0748955
26;500000;0.95;0.0747932
27;500000;0.95;0.076261
28;500000;0.95;0.0749951
29;500000;0.95;0.0746744
30;500000;0.95;0.0751003
31;500000;0.95;0.0757124
32;500000;0.95;0.0747112
33;500000;0.95;0.0750333
34;500000;0.95;0.0735989
35;500000;0.95;0.0749303
36;500000;0.95;0.0740268
37;500000;0.95;0.0759454
38;500000;0.95;0.0743656
39;500000;0.95;0.075242
40;500000;0.95;0.0759205
41;500000;0.95;0.0736801
42;500000;0.95;0.0746293
43;500000;0.95;0.073996
44;500000;0.95;0.0740874
45;500000;0.95;0.0748736
46;500000;0.95;0.0744107
47;500000;0.95;0.0736608
48;500000;0.95;0.074947
49;500000;0.95;0.0748479
50;500000;0.95;0.076298
51;500000;0.95;0.0748982
52;500000;0.95;0.0751016
53;500000;0.95;0.07486
54;500000;0.95;0.0735322
55;500000;0.95;0.0740466
56;500000;0.95;0.0744537
57;500000;0.95;0.0737866
58;500000;0.95;0.0742528
59;500000;0.95;0.0736889
60;500000;0.95;0.0744852
61;500000;0.95;0.074632
62;500000;0.95;0.0747562
63;500000;0.95;0.075038
64;500000;0.95;0.0745013
65;500000;0.95;0.0763745
66;500000;0.95;0.0757023
67;500000;0.95;0.0753763
68;500000;0.95;0.0745813
69;500000;0.95;0.0741152
70;500000;0.95;0.0737098
71;500000;0.95;0.0741095
72;500000;0.95;0.0760174
73;500000;0.95;0.0750769
74;500000;0.95;0.0745442
75;500000;0.95;0.0747332
76;500000;0.95;0.0743431
77;500000;0.95;0.0749339
78;500000;0.95;0.0753171
79;500000;0.95;0.0728345
80;500000;0.95;0.0754943
81;500000;0.95;0.074012
82;500000;0.95;0.0745385
83;500000;0.95;0.0753188
84;500000;0.95;0.0756497
85;500000;0.95;0.0745853
86;500000;0.95;0.0752611
87;500000;0.95;0.0745902
88;500000;0.95;0.0749412
89;500000;0.95;0.0740792
90;500000;0.95;0.0750196
91;500000;0.95;0.0743378
92;500000;0.95;0.0756474
93;500000;0.95;0.0758659
94;500000;0.95;0.0735267
95;500000;0.95;0.0736419
96;500000;0.95;0.0743856
97;500000;0.95;0.0754086
98;500000;0.95;0.0758643
99;500000;0.95;0.0982573
0;500000;0.99;0.069291
1;500000;0.99;0.0717194
2;500000;0.99;0.0695768
3;500000;0.99;0.0695787
4;500000;0.99;0.0698764
5;500000;0.99;0.0700893
6;500000;0.99;0.0695965
7;500000;0.99;0.0694054
8;500000;0.99;0.0702516
9;500000;0.99;0.0700208
10;500000;0.99;0.0706211
11;500000;0.99;0.0715296
12;500000;0.99;0.0697773
13;500000;0.99;0.0696443
14;500000;0.99;0.0698242
15;500000;0.99;0.0693111
16;500000;0.99;0.0690985
17;500000;0.99;0.0697954
18;500000;0.99;0.0703797
19;500000;0.99;0.0697291
20;500000;0.99;0.0706549
21;500000;0.99;0.0693224
22;500000;0.99;0.0692068
23;500000;0.99;0.0695496
24;500000;0.99;0.0691053
25;500000;0.99;0.0692653
26;500000;0.99;0.0700583
27;500000;0.99;0.0693442
28;500000;0.99;0.070366
29;500000;0.99;0.0693829
30;500000;0.99;0.0682292
31;500000;0.99;0.0693182
32;500000;0.99;0.0692159
33;500000;0.99;0.070154
34;500000;0.99;0.0693201
35;500000;0.99;0.0706775
36;500000;0.99;0.0693283
37;500000;0.99;0.0689826
38;500000;0.99;0.0692257
39;500000;0.99;0.0693075
40;500000;0.99;0.0689567
41;500000;0.99;0.0700114
42;500000;0.99;0.0709965
43;500000;0.99;0.0699936
44;500000;0.99;0.0688885
45;500000;0.99;0.0704028
46;500000;0.99;0.0689679
47;500000;0.99;0.0694679
48;500000;0.99;0.0707573
49;500000;0.99;0.0686539
50;500000;0.99;0.0692088
51;500000;0.99;0.0690501
52;500000;0.99;0.0685205
53;500000;0.99;0.0704143
54;500000;0.99;0.0687073
55;500000;0.99;0.0689177
56;500000;0.99;0.0722155
57;500000;0.99;0.068133
58;500000;0.99;0.0698776
59;500000;0.99;0.0691387
60;500000;0.99;0.0695953
61;500000;0.99;0.0695051
62;500000;0.99;0.0692874
63;500000;0.99;0.0688018
64;500000;0.99;0.0690738
65;500000;0.99;0.0689342
66;500000;0.99;0.0689998
67;500000;0.99;0.0687437
68;500000;0.99;0.0689128
69;500000;0.99;0.0700477
70;500000;0.99;0.0696707
71;500000;0.99;0.0697532
72;500000;0.99;0.0709829
73;500000;0.99;0.0689378
74;500000;0.99;0.0693863
75;500000;0.99;0.0688019
76;500000;0.99;0.0699116
77;500000;0.99;0.0692273
78;500000;0.99;0.0692312
79;500000;0.99;0.0689328
80;500000;0.99;0.0710515
81;500000;0.99;0.0706977
82;500000;0.99;0.0687706
83;500000;0.99;0.070185
84;500000;0.99;0.0705627
85;500000;0.99;0.0694027
86;500000;0.99;0.0693875
87;500000;0.99;0.0692901
88;500000;0.99;0.0705579
89;500000;0.99;0.0695043
90;500000;0.99;0.0698654
91;500000;0.99;0.0698799
92;500000;0.99;0.0687257
93;500000;0.99;0.0691458
94;500000;0.99;0.0692076
95;500000;0.99;0.0683033
96;500000;0.99;0.0692965
97;500000;0.99;0.0725479
98;500000;0.99;0.0699447
99;500000;0.99;0.0981783
0;500000;0.997;0.0665471
1;500000;0.997;0.0690563
2;500000;0.997;0.0673442
3;500000;0.997;0.0669689
4;500000;0.997;0.0667978
5;500000;0.997;0.0673082
6;500000;0.997;0.0691059
7;500000;0.997;0.0673221
8;500000;0.997;0.068117
9;500000;0.997;0.0686624
10;500000;0.997;0.067688
11;500000;0.997;0.0671935
12;500000;0.997;0.0669481
13;500000;0.997;0.0673556
14;500000;0.997;0.0668483
15;500000;0.997;0.0680989
16;500000;0.997;0.0674915
17;500000;0.997;0.0676798
18;500000;0.997;0.0672604
19;500000;0.997;0.0669117
20;500000;0.997;0.0677536
21;500000;0.997;0.0670524
22;500000;0.997;0.066657
23;500000;0.997;0.0672081
24;500000;0.997;0.0675794
25;500000;0.997;0.0677437
26;500000;0.997;0.0675654
27;500000;0.997;0.0669319
28;500000;0.997;0.0665023
29;500000;0.997;0.0683843
30;500000;0.997;0.067659
31;500000;0.997;0.0665679
32;500000;0.997;0.066031
33;500000;0.997;0.0672396
34;500000;0.997;0.0684422
35;500000;0.997;0.0680849
36;500000;0.997;0.0668514
37;500000;0.997;0.0670569
38;500000;0.997;0.0665092
39;500000;0.997;0.0684349
40;500000;0.997;0.0676429
41;500000;0.997;0.0672768
42;500000;0.997;0.0671967
43;500000;0.997;0.0691841
44;500000;0.997;0.0656841
45;500000;0.997;0.0665497
46;500000;0.997;0.0675761
47;500000;0.997;0.0681411
48;500000;0.997;0.0680826
49;500000;0.997;0.0673877
50;500000;0.997;0.0673456
51;500000;0.997;0.0665717
52;500000;0.997;0.066641
53;500000;0.997;0.0665784
54;500000;0.997;0.067258
55;500000;0.997;0.0673384
56;500000;0.997;0.0672305
57;500000;0.997;0.068196
58;500000;0.997;0.0655976
59;500000;0.997;0.0675657
60;500000;0.997;0.0671664
61;500000;0.997;0.0684566
62;500000;0.997;0.0691204
63;500000;0.997;0.0673528
64;500000;0.997;0.0667062
65;500000;0.997;0.0674703
66;500000;0.997;0.0673846
67;500000;0.997;0.0673623
68;500000;0.997;0.0673156
69;500000;0.997;0.0671373
70;500000;0.997;0.0671108
71;500000;0.997;0.0678651
72;500000;0.997;0.065695
73;500000;0.997;0.068104
74;500000;0.997;0.0686721
75;500000;0.997;0.0687952
76;500000;0.997;0.0681117
77;500000;0.997;0.0670639
78;500000;0.997;0.0670315
79;500000;0.997;0.0675441
80;500000;0.997;0.0666555
81;500000;0.997;0.0666997
82;500000;0.997;0.067381
83;500000;0.997;0.0662986
84;500000;0.997;0.0679313
85;500000;0.997;0.0683286
86;500000;0.997;0.0674256
87;500000;0.997;0.0689903
88;500000;0.997;0.0671714
89;500000;0.997;0.0679415
90;500000;0.997;0.0679237
91;500000;0.997;0.0674216
92;500000;0.997;0.0675519
93;500000;0.997;0.0673175
94;500000;0.997;0.0667145
95;500000;0.997;0.0677623
96;500000;0.997;0.0668881
97;500000;0.997;0.068073
98;500000;0.997;0.0669847
99;500000;0.997;0.0998738
0;1000000;-1;0.129243
1;1000000;-1;0.130854
2;1000000;-1;0.127108
3;1000000;-1;0.126056
4;1000000;-1;0.126534
5;1000000;-1;0.127628
6;1000000;-1;0.127292
7;1000000;-1;0.12746
8;1000000;-1;0.128847
9;1000000;-1;0.125512
10;1000000;-1;0.133055
11;1000000;-1;0.128754
12;1000000;-1;0.128233
13;1000000;-1;0.127465
14;1000000;-1;0.126401
15;1000000;-1;0.126962
16;1000000;-1;0.129054
17;1000000;-1;0.124676
18;1000000;-1;0.124524
19;1000000;-1;0.127089
20;1000000;-1;0.129395
21;1000000;-1;0.128136
22;1000000;-1;0.127243
23;1000000;-1;0.129087
24;1000000;-1;0.127966
25;1000000;-1;0.130081
26;1000000;-1;0.127842
27;1000000;-1;0.127979
28;1000000;-1;0.127315
29;1000000;-1;0.127306
30;1000000;-1;0.128241
31;1000000;-1;0.129743
32;1000000;-1;0.128172
33;1000000;-1;0.126504
34;1000000;-1;0.127094
35;1000000;-1;0.128756
36;1000000;-1;0.127379
37;1000000;-1;0.127334
38;1000000;-1;0.126928
39;1000000;-1;0.127419
40;1000000;-1;0.126798
41;1000000;-1;0.126993
42;1000000;-1;0.128702
43;1000000;-1;0.129266
44;1000000;-1;0.128188
45;1000000;-1;0.126454
46;1000000;-1;0.127865
47;1000000;-1;0.130001
48;1000000;-1;0.128382
49;1000000;-1;0.129266
50;1000000;-1;0.125978
51;1000000;-1;0.127066
52;1000000;-1;0.128307
53;1000000;-1;0.12723
54;1000000;-1;0.127817
55;1000000;-1;0.127204
56;1000000;-1;0.128233
57;1000000;-1;0.128593
58;1000000;-1;0.128084
59;1000000;-1;0.128611
60;1000000;-1;0.126809
61;1000000;-1;0.127403
62;1000000;-1;0.127845
63;1000000;-1;0.129208
64;1000000;-1;0.129186
65;1000000;-1;0.128098
66;1000000;-1;0.127991
67;1000000;-1;0.1276
68;1000000;-1;0.125863
69;1000000;-1;0.127304
70;1000000;-1;0.12722
71;1000000;-1;0.129061
72;1000000;-1;0.127091
73;1000000;-1;0.128419
74;1000000;-1;0.126788
75;1000000;-1;0.12696
76;1000000;-1;0.127546
77;1000000;-1;0.128077
78;1000000;-1;0.128325
79;1000000;-1;0.128446
80;1000000;-1;0.126559
81;1000000;-1;0.127554
82;1000000;-1;0.126865
83;1000000;-1;0.128944
84;1000000;-1;0.128784
85;1000000;-1;0.127797
86;1000000;-1;0.127915
87;1000000;-1;0.126858
88;1000000;-1;0.126818
89;1000000;-1;0.125382
90;1000000;-1;0.127282
91;1000000;-1;0.126779
92;1000000;-1;0.127357
93;1000000;-1;0.130181
94;1000000;-1;0.128741
95;1000000;-1;0.126827
96;1000000;-1;0.127329
97;1000000;-1;0.128834
98;1000000;-1;0.12869
99;1000000;-1;0.200082
0;1000000;1;0.195293
1;1000000;1;0.195566
2;1000000;1;0.19389
3;1000000;1;0.195225
4;1000000;1;0.197924
5;1000000;1;0.197377
6;1000000;1;0.195359
7;1000000;1;0.196024
8;1000000;1;0.195026
9;1000000;1;0.194772
10;1000000;1;0.194047
11;1000000;1;0.196436
12;1000000;1;0.1942
13;1000000;1;0.194706
14;1000000;1;0.195563
15;1000000;1;0.202015
16;1000000;1;0.196347
17;1000000;1;0.196205
18;1000000;1;0.196862
19;1000000;1;0.195357
20;1000000;1;0.194804
21;1000000;1;0.195438
22;1000000;1;0.196656
23;1000000;1;0.19517
24;1000000;1;0.194509
25;1000000;1;0.196148
26;1000000;1;0.197788
27;1000000;1;0.195796
28;1000000;1;0.195823
29;1000000;1;0.194125
30;1000000;1;0.19368
31;1000000;1;0.195388
32;1000000;1;0.194476
33;1000000;1;0.194196
34;1000000;1;0.195247
35;1000000;1;0.193546
36;1000000;1;0.199988
37;1000000;1;0.198155
38;1000000;1;0.195859
39;1000000;1;0.194565
40;1000000;1;0.195366
41;1000000;1;0.192679
42;1000000;1;0.197103
43;1000000;1;0.198204
44;1000000;1;0.194528
45;1000000;1;0.193796
46;1000000;1;0.195252
47;1000000;1;0.195505
48;1000000;1;0.195705
49;1000000;1;0.194568
50;1000000;1;0.194669
51;1000000;1;0.195734
52;1000000;1;0.195688
53;1000000;1;0.197369
54;1000000;1;0.197126
55;1000000;1;0.193622
56;1000000;1;0.194901
57;1000000;1;0.198426
58;1000000;1;0.196224
59;1000000;1;0.194282
60;1000000;1;0.196753
61;1000000;1;0.196656
62;1000000;1;0.19676
63;1000000;1;0.197154
64;1000000;1;0.197257
65;1000000;1;0.196786
66;1000000;1;0.197167
67;1000000;1;0.196115
68;1000000;1;0.195938
69;1000000;1;0.197899
70;1000000;1;0.195527
71;1000000;1;0.197868
72;1000000;1;0.194098
73;1000000;1;0.194773
74;1000000;1;0.196132
75;1000000;1;0.193991
76;1000000;1;0.195019
77;1000000;1;0.195666
78;1000000;1;0.194384
79;1000000;1;0.194707
80;1000000;1;0.194926
81;1000000;1;0.195772
82;1000000;1;0.192295
83;1000000;1;0.194938
84;1000000;1;0.19654
85;1000000;1;0.191874
86;1000000;1;0.195057
87;1000000;1;0.194118
88;1000000;1;0.195815
89;1000000;1;0.196502
90;1000000;1;0.1958
91;1000000;1;0.197508
92;1000000;1;0.196455
93;1000000;1;0.194615
94;1000000;1;0.190824
95;1000000;1;0.193136
96;1000000;1;0.192823
97;1000000;1;0.197483
98;1000000;1;0.193744
99;1000000;1;0.196241
0;1000000;0.25;0.189421
1;1000000;0.25;0.193163
2;1000000;0.25;0.192934
3;1000000;0.25;0.191186
4;1000000;0.25;0.191799
5;1000000;0.25;0.188971
6;1000000;0.25;0.190274
7;1000000;0.25;0.190964
8;1000000;0.25;0.189653
9;1000000;0.25;0.19238
10;1000000;0.25;0.189871
11;1000000;0.25;0.196995
12;1000000;0.25;0.193611
13;1000000;0.25;0.190287
14;1000000;0.25;0.19061
15;1000000;0.25;0.191587
16;1000000;0.25;0.192527
17;1000000;0.25;0.190778
18;1000000;0.25;0.191045
19;1000000;0.25;0.18938
20;1000000;0.25;0.189542
21;1000000;0.25;0.190217
22;1000000;0.25;0.190543
23;1000000;0.25;0.189976
24;1000000;0.25;0.189071
25;1000000;0.25;0.192634
26;1000000;0.25;0.190345
27;1000000;0.25;0.193134
28;1000000;0.25;0.191183
29;1000000;0.25;0.190665
30;1000000;0.25;0.189773
31;1000000;0.25;0.193297
32;1000000;0.25;0.18941
33;1000000;0.25;0.193339
34;1000000;0.25;0.191383
35;1000000;0.25;0.194419
36;1000000;0.25;0.192069
37;1000000;0.25;0.191189
38;1000000;0.25;0.197164
39;1000000;0.25;0.191765
40;1000000;0.25;0.193103
41;1000000;0.25;0.191232
42;1000000;0.25;0.19178
43;1000000;0.25;0.18887
44;1000000;0.25;0.187277
45;1000000;0.25;0.192501
46;1000000;0.25;0.19101
47;1000000;0.25;0.19047
48;1000000;0.25;0.190694
49;1000000;0.25;0.193684
50;1000000;0.25;0.191538
51;1000000;0.25;0.192708
52;1000000;0.25;0.189841
53;1000000;0.25;0.191778
54;1000000;0.25;0.192593
55;1000000;0.25;0.191995
56;1000000;0.25;0.192483
57;1000000;0.25;0.190227
58;1000000;0.25;0.189708
59;1000000;0.25;0.191363
60;1000000;0.25;0.19044
61;1000000;0.25;0.191182
62;1000000;0.25;0.193376
63;1000000;0.25;0.194944
64;1000000;0.25;0.19122
65;1000000;0.25;0.187565
66;1000000;0.25;0.192697
67;1000000;0.25;0.190447
68;1000000;0.25;0.190968
69;1000000;0.25;0.190885
70;1000000;0.25;0.193628
71;1000000;0.25;0.188563
72;1000000;0.25;0.192385
73;1000000;0.25;0.191471
74;1000000;0.25;0.189008
75;1000000;0.25;0.192481
76;1000000;0.25;0.193456
77;1000000;0.25;0.189209
78;1000000;0.25;0.192778
79;1000000;0.25;0.192169
80;1000000;0.25;0.190895
81;1000000;0.25;0.192666
82;1000000;0.25;0.189046
83;1000000;0.25;0.193302
84;1000000;0.25;0.191048
85;1000000;0.25;0.190166
86;1000000;0.25;0.192566
87;1000000;0.25;0.19299
88;1000000;0.25;0.190614
89;1000000;0.25;0.192288
90;1000000;0.25;0.191444
91;1000000;0.25;0.189992
92;1000000;0.25;0.191613
93;1000000;0.25;0.193005
94;1000000;0.25;0.190741
95;1000000;0.25;0.191295
96;1000000;0.25;0.189091
97;1000000;0.25;0.189107
98;1000000;0.25;0.190299
99;1000000;0.25;0.194804
0;1000000;0.5;1.46349
1;1000000;0.5;0.408042
2;1000000;0.5;1.36493
3;1000000;0.5;0.734848
4;1000000;0.5;0.187432
5;1000000;0.5;0.184677
6;1000000;0.5;0.225122
7;1000000;0.5;0.311032
8;1000000;0.5;0.410573
9;1000000;0.5;0.294636
10;1000000;0.5;0.29454
11;1000000;0.5;0.190029
12;1000000;0.5;0.182369
13;1000000;0.5;0.195699
14;1000000;0.5;0.232692
15;1000000;0.5;0.190751
16;1000000;0.5;0.18459
17;1000000;0.5;0.275554
18;1000000;0.5;0.205043
19;1000000;0.5;1.43855
20;1000000;0.5;1.25042
21;1000000;0.5;0.350222
22;1000000;0.5;0.189268
23;1000000;0.5;0.688075
24;1000000;0.5;0.919577
25;1000000;0.5;0.204604
26;1000000;0.5;0.556039
27;1000000;0.5;0.469716
28;1000000;0.5;0.184683
29;1000000;0.5;1.01871
30;1000000;0.5;0.481016
31;1000000;0.5;1.41638
32;1000000;0.5;0.642586
33;1000000;0.5;0.543652
34;1000000;0.5;0.208793
35;1000000;0.5;0.199092
36;1000000;0.5;0.509148
37;1000000;0.5;0.206153
38;1000000;0.5;1.08125
39;1000000;0.5;0.196769
40;1000000;0.5;1.38577
41;1000000;0.5;0.447334
42;1000000;0.5;0.199151
43;1000000;0.5;0.20419
44;1000000;0.5;0.688018
45;1000000;0.5;0.933906
46;1000000;0.5;0.5854
47;1000000;0.5;0.48668
48;1000000;0.5;0.190635
49;1000000;0.5;0.203721
50;1000000;0.5;0.250079
51;1000000;0.5;0.520948
52;1000000;0.5;0.490995
53;1000000;0.5;0.192128
54;1000000;0.5;0.182914
55;1000000;0.5;0.185082
56;1000000;0.5;0.242045
57;1000000;0.5;0.265005
58;1000000;0.5;0.246105
59;1000000;0.5;0.378681
60;1000000;0.5;0.260798
61;1000000;0.5;0.223699
62;1000000;0.5;0.778773
63;1000000;0.5;1.23484
64;1000000;0.5;0.291409
65;1000000;0.5;0.921093
66;1000000;0.5;1.74207
67;1000000;0.5;0.344069
68;1000000;0.5;0.579347
69;1000000;0.5;0.231432
70;1000000;0.5;0.904385
71;1000000;0.5;0.397641
72;1000000;0.5;1.03916
73;1000000;0.5;0.211555
74;1000000;0.5;0.262047
75;1000000;0.5;0.190559
76;1000000;0.5;1.70448
77;1000000;0.5;0.367554
78;1000000;0.5;0.583492
79;1000000;0.5;0.199368
80;1000000;0.5;0.183561
81;1000000;0.5;0.273461
82;1000000;0.5;0.247222
83;1000000;0.5;0.684327
84;1000000;0.5;0.230351
85;1000000;0.5;0.186941
86;1000000;0.5;0.237555
87;1000000;0.5;0.97997
88;1000000;0.5;0.231135
89;1000000;0.5;0.401581
90;1000000;0.5;0.52166
91;1000000;0.5;0.274344
92;1000000;0.5;1.24108
93;1000000;0.5;0.204962
94;1000000;0.5;0.198404
95;1000000;0.5;0.854171
96;1000000;0.5;0.233595
97;1000000;0.5;0.191429
98;1000000;0.5;0.191386
99;1000000;0.5;0.194936
0;1000000;0.75;0.165385
1;1000000;0.75;0.167418
2;1000000;0.75;0.163637
3;1000000;0.75;0.166416
4;1000000;0.75;0.164673
5;1000000;0.75;0.16451
6;1000000;0.75;0.16747
7;1000000;0.75;0.166547
8;1000000;0.75;0.164531
9;1000000;0.75;0.165646
10;1000000;0.75;0.164174
11;1000000;0.75;0.164826
12;1000000;0.75;0.164823
13;1000000;0.75;0.168066
14;1000000;0.75;0.167438
15;1000000;0.75;0.164836
16;1000000;0.75;0.169133
17;1000000;0.75;0.164685
18;1000000;0.75;0.166756
19;1000000;0.75;0.165722
20;1000000;0.75;0.164541
21;1000000;0.75;0.164154
22;1000000;0.75;0.165822
23;1000000;0.75;0.166455
24;1000000;0.75;0.165436
25;1000000;0.75;0.16758
26;1000000;0.75;0.164261
27;1000000;0.75;0.163261
28;1000000;0.75;0.164765
29;1000000;0.75;0.166769
30;1000000;0.75;0.168158
31;1000000;0.75;0.166569
32;1000000;0.75;0.165617
33;1000000;0.75;0.164912
34;1000000;0.75;0.167106
35;1000000;0.75;0.163829
36;1000000;0.75;0.165961
37;1000000;0.75;0.164035
38;1000000;0.75;0.164772
39;1000000;0.75;0.165648
40;1000000;0.75;0.164947
41;1000000;0.75;0.169275
42;1000000;0.75;0.166622
43;1000000;0.75;0.164963
44;1000000;0.75;0.167171
45;1000000;0.75;0.163116
46;1000000;0.75;0.168427
47;1000000;0.75;0.166135
48;1000000;0.75;0.165116
49;1000000;0.75;0.164819
50;1000000;0.75;0.163942
51;1000000;0.75;0.166506
52;1000000;0.75;0.166796
53;1000000;0.75;0.165247
54;1000000;0.75;0.163819
55;1000000;0.75;0.167785
56;1000000;0.75;0.16522
57;1000000;0.75;0.164889
58;1000000;0.75;0.163988
59;1000000;0.75;0.1651
60;1000000;0.75;0.164882
61;1000000;0.75;0.16563
62;1000000;0.75;0.167306
63;1000000;0.75;0.164509
64;1000000;0.75;0.164253
65;1000000;0.75;0.164617
66;1000000;0.75;0.166937
67;1000000;0.75;0.167462
68;1000000;0.75;0.169522
69;1000000;0.75;0.163126
70;1000000;0.75;0.164665
71;1000000;0.75;0.164697
72;1000000;0.75;0.164511
73;1000000;0.75;0.167162
74;1000000;0.75;0.168619
75;1000000;0.75;0.165139
76;1000000;0.75;0.16436
77;1000000;0.75;0.166408
78;1000000;0.75;0.164706
79;1000000;0.75;0.165866
80;1000000;0.75;0.170623
81;1000000;0.75;0.165648
82;1000000;0.75;0.164974
83;1000000;0.75;0.16529
84;1000000;0.75;0.165466
85;1000000;0.75;0.167179
86;1000000;0.75;0.166635
87;1000000;0.75;0.165199
88;1000000;0.75;0.164808
89;1000000;0.75;0.166079
90;1000000;0.75;0.165144
91;1000000;0.75;0.166956
92;1000000;0.75;0.165002
93;1000000;0.75;0.164015
94;1000000;0.75;0.164445
95;1000000;0.75;0.163884
96;1000000;0.75;0.165151
97;1000000;0.75;0.163999
98;1000000;0.75;0.164717
99;1000000;0.75;0.194992
0;1000000;0.95;0.151183
1;1000000;0.95;0.151081
2;1000000;0.95;0.149485
3;1000000;0.95;0.150691
4;1000000;0.95;0.149598
5;1000000;0.95;0.148893
6;1000000;0.95;0.149527
7;1000000;0.95;0.150291
8;1000000;0.95;0.147651
9;1000000;0.95;0.150056
10;1000000;0.95;0.15048
11;1000000;0.95;0.1516
12;1000000;0.95;0.152585
13;1000000;0.95;0.149015
14;1000000;0.95;0.150518
15;1000000;0.95;0.151623
16;1000000;0.95;0.14967
17;1000000;0.95;0.149142
18;1000000;0.95;0.150357
19;1000000;0.95;0.148939
20;1000000;0.95;0.149703
21;1000000;0.95;0.152116
22;1000000;0.95;0.149576
23;1000000;0.95;0.151333
24;1000000;0.95;0.149965
25;1000000;0.95;0.15071
26;1000000;0.95;0.148767
27;1000000;0.95;0.150408
28;1000000;0.95;0.153738
29;1000000;0.95;0.149044
30;1000000;0.95;0.151556
31;1000000;0.95;0.150733
32;1000000;0.95;0.149719
33;1000000;0.95;0.150946
34;1000000;0.95;0.152276
35;1000000;0.95;0.148928
36;1000000;0.95;0.150358
37;1000000;0.95;0.151711
38;1000000;0.95;0.148675
39;1000000;0.95;0.150099
40;1000000;0.95;0.15056
41;1000000;0.95;0.151523
42;1000000;0.95;0.149656
43;1000000;0.95;0.149233
44;1000000;0.95;0.148686
45;1000000;0.95;0.152721
46;1000000;0.95;0.150908
47;1000000;0.95;0.151299
48;1000000;0.95;0.147752
49;1000000;0.95;0.149957
50;1000000;0.95;0.149387
51;1000000;0.95;0.15031
52;1000000;0.95;0.148649
53;1000000;0.95;0.14833
54;1000000;0.95;0.152428
55;1000000;0.95;0.147271
56;1000000;0.95;0.149863
57;1000000;0.95;0.151024
58;1000000;0.95;0.150357
59;1000000;0.95;0.150022
60;1000000;0.95;0.151245
61;1000000;0.95;0.152169
62;1000000;0.95;0.149672
63;1000000;0.95;0.149903
64;1000000;0.95;0.150556
65;1000000;0.95;0.150828
66;1000000;0.95;0.150811
67;1000000;0.95;0.150007
68;1000000;0.95;0.149971
69;1000000;0.95;0.149534
70;1000000;0.95;0.154262
71;1000000;0.95;0.150659
72;1000000;0.95;0.151315
73;1000000;0.95;0.149481
74;1000000;0.95;0.151836
75;1000000;0.95;0.148931
76;1000000;0.95;0.150705
77;1000000;0.95;0.150227
78;1000000;0.95;0.149513
79;1000000;0.95;0.150136
80;1000000;0.95;0.149464
81;1000000;0.95;0.150502
82;1000000;0.95;0.148199
83;1000000;0.95;0.150278
84;1000000;0.95;0.149755
85;1000000;0.95;0.149298
86;1000000;0.95;0.150159
87;1000000;0.95;0.150186
88;1000000;0.95;0.152286
89;1000000;0.95;0.148935
90;1000000;0.95;0.14948
91;1000000;0.95;0.148836
92;1000000;0.95;0.149153
93;1000000;0.95;0.14829
94;1000000;0.95;0.152354
95;1000000;0.95;0.149314
96;1000000;0.95;0.150386
97;1000000;0.95;0.150704
98;1000000;0.95;0.149606
99;1000000;0.95;0.195439
0;1000000;0.99;0.140501
1;1000000;0.99;0.140654
2;1000000;0.99;0.139894
3;1000000;0.99;0.139047
4;1000000;0.99;0.139434
5;1000000;0.99;0.139706
6;1000000;0.99;0.140136
7;1000000;0.99;0.139618
8;1000000;0.99;0.141791
9;1000000;0.99;0.141204
10;1000000;0.99;0.141469
11;1000000;0.99;0.140561
12;1000000;0.99;0.139232
13;1000000;0.99;0.139822
14;1000000;0.99;0.140012
15;1000000;0.99;0.144579
16;1000000;0.99;0.138802
17;1000000;0.99;0.140328
18;1000000;0.99;0.140563
19;1000000;0.99;0.139829
20;1000000;0.99;0.140091
21;1000000;0.99;0.140634
22;1000000;0.99;0.141261
23;1000000;0.99;0.138265
24;1000000;0.99;0.139263
25;1000000;0.99;0.143257
26;1000000;0.99;0.140587
27;1000000;0.99;0.139402
28;1000000;0.99;0.14071
29;1000000;0.99;0.141659
30;1000000;0.99;0.139607
31;1000000;0.99;0.139609
32;1000000;0.99;0.139995
33;1000000;0.99;0.139856
34;1000000;0.99;0.140612
35;1000000;0.99;0.140827
36;1000000;0.99;0.140747
37;1000000;0.99;0.1389
38;1000000;0.99;0.139337
39;1000000;0.99;0.142639
40;1000000;0.99;0.139869
41;1000000;0.99;0.140359
42;1000000;0.99;0.140328
43;1000000;0.99;0.141449
44;1000000;0.99;0.140309
45;1000000;0.99;0.140786
46;1000000;0.99;0.14147
47;1000000;0.99;0.140007
48;1000000;0.99;0.139498
49;1000000;0.99;0.139844
50;1000000;0.99;0.139519
51;1000000;0.99;0.140898
52;1000000;0.99;0.141672
53;1000000;0.99;0.141571
54;1000000;0.99;0.139704
55;1000000;0.99;0.140783
56;1000000;0.99;0.140342
57;1000000;0.99;0.139478
58;1000000;0.99;0.140102
59;1000000;0.99;0.140299
60;1000000;0.99;0.140057
61;1000000;0.99;0.140855
62;1000000;0.99;0.140935
63;1000000;0.99;0.140746
64;1000000;0.99;0.138749
65;1000000;0.99;0.138998
66;1000000;0.99;0.139769
67;1000000;0.99;0.142293
68;1000000;0.99;0.139336
69;1000000;0.99;0.140273
70;1000000;0.99;0.139093
71;1000000;0.99;0.141283
72;1000000;0.99;0.140567
73;1000000;0.99;0.138458
74;1000000;0.99;0.140525
75;1000000;0.99;0.139524
76;1000000;0.99;0.145606
77;1000000;0.99;0.139525
78;1000000;0.99;0.140316
79;1000000;0.99;0.14451
80;1000000;0.99;0.139909
81;1000000;0.99;0.141792
82;1000000;0.99;0.141439
83;1000000;0.99;0.140655
84;1000000;0.99;0.140217
85;1000000;0.99;0.139408
86;1000000;0.99;0.140226
87;1000000;0.99;0.138355
88;1000000;0.99;0.139576
89;1000000;0.99;0.140644
90;1000000;0.99;0.13979
91;1000000;0.99;0.140292
92;1000000;0.99;0.139242
93;1000000;0.99;0.143587
94;1000000;0.99;0.141213
95;1000000;0.99;0.142269
96;1000000;0.99;0.140292
97;1000000;0.99;0.138043
98;1000000;0.99;0.140319
99;1000000;0.99;0.197228
0;1000000;0.997;0.137023
1;1000000;0.997;0.134863
2;1000000;0.997;0.134479
3;1000000;0.997;0.136221
4;1000000;0.997;0.135836
5;1000000;0.997;0.135511
6;1000000;0.997;0.134341
7;1000000;0.997;0.135232
8;1000000;0.997;0.135706
9;1000000;0.997;0.133512
10;1000000;0.997;0.135009
11;1000000;0.997;0.13498
12;1000000;0.997;0.136913
13;1000000;0.997;0.136374
14;1000000;0.997;0.136357
15;1000000;0.997;0.136983
16;1000000;0.997;0.133447
17;1000000;0.997;0.13459
18;1000000;0.997;0.134124
19;1000000;0.997;0.136895
20;1000000;0.997;0.135804
21;1000000;0.997;0.134602
22;1000000;0.997;0.134931
23;1000000;0.997;0.136934
24;1000000;0.997;0.135915
25;1000000;0.997;0.136181
26;1000000;0.997;0.135243
27;1000000;0.997;0.136342
28;1000000;0.997;0.13915
29;1000000;0.997;0.135336
30;1000000;0.997;0.137701
31;1000000;0.997;0.13437
32;1000000;0.997;0.136005
33;1000000;0.997;0.134917
34;1000000;0.997;0.137463
35;1000000;0.997;0.135834
36;1000000;0.997;0.134914
37;1000000;0.997;0.135925
38;1000000;0.997;0.133618
39;1000000;0.997;0.135466
40;1000000;0.997;0.138071
41;1000000;0.997;0.13505
42;1000000;0.997;0.135445
43;1000000;0.997;0.13643
44;1000000;0.997;0.137483
45;1000000;0.997;0.137888
46;1000000;0.997;0.135696
47;1000000;0.997;0.136675
48;1000000;0.997;0.134406
49;1000000;0.997;0.137381
50;1000000;0.997;0.135078
51;1000000;0.997;0.134834
52;1000000;0.997;0.136071
53;1000000;0.997;0.134386
54;1000000;0.997;0.13628
55;1000000;0.997;0.135249
56;1000000;0.997;0.135452
57;1000000;0.997;0.135999
58;1000000;0.997;0.135568
59;1000000;0.997;0.136577
60;1000000;0.997;0.13683
61;1000000;0.997;0.13485
62;1000000;0.997;0.134666
63;1000000;0.997;0.135528
64;1000000;0.997;0.134319
65;1000000;0.997;0.136886
66;1000000;0.997;0.137165
67;1000000;0.997;0.138293
68;1000000;0.997;0.134368
69;1000000;0.997;0.135546
70;1000000;0.997;0.135014
71;1000000;0.997;0.135612
72;1000000;0.997;0.133934
73;1000000;0.997;0.137728
74;1000000;0.997;0.139177
75;1000000;0.997;0.135536
76;1000000;0.997;0.134745
77;1000000;0.997;0.13854
78;1000000;0.997;0.135661
79;1000000;0.997;0.13574
80;1000000;0.997;0.136433
81;1000000;0.997;0.137757
82;1000000;0.997;0.136251
83;1000000;0.997;0.135766
84;1000000;0.997;0.134851
85;1000000;0.997;0.135373
86;1000000;0.997;0.135751
87;1000000;0.997;0.136546
88;1000000;0.997;0.136445
89;1000000;0.997;0.138848
90;1000000;0.997;0.136447
91;1000000;0.997;0.13456
92;1000000;0.997;0.135054
93;1000000;0.997;0.135234
94;1000000;0.997;0.136694
95;1000000;0.997;0.135488
96;1000000;0.997;0.136556
97;1000000;0.997;0.136333
98;1000000;0.997;0.135588
99;1000000;0.997;0.196206